%YAML:1.0
---
cameraMatrix: !!opencv-matrix
   rows: 3
   cols: 3
   dt: d
   data: [ 4.8276265335405324e+03, 0., 4.7950000000000000e+02, 0.,
       4.8339396185012201e+03, 6.3950000000000000e+02, 0., 0., 1. ]
distCoeffs: !!opencv-matrix
   rows: 1
   cols: 5
   dt: d
   data: [ -1.6236714678400754e+00, -4.6258542058358060e+01,
       -1.0154795991500971e-01, 1.1767159650903049e-01,
       1.0036894734225199e+03 ]
PerViewErrors: !!opencv-matrix
   rows: 2
   cols: 1
   dt: d
   data: [ 2.3326349787435263e-01, 2.5440455787752664e-01 ]
STDIntrinsics: !!opencv-matrix
   rows: 18
   cols: 1
   dt: d
   data: [ 1.6816611139613957e+02, 1.6858430108416681e+02, 0., 0.,
       4.6333350822973357e-01, 3.5412619122262491e+01,
       6.7845984755058363e-03, 1.7621315569841714e-02,
       1.2936809056002101e+03, 0., 0., 0., 0., 0., 0., 0., 0., 0. ]
STDExtrinsics: !!opencv-matrix
   rows: 12
   cols: 1
   dt: d
   data: [ 1.3591801223012191e-02, 9.1570033746342684e-03,
       7.1170537675000129e-04, 1.3678387423844959e-02,
       5.1809406527166231e-03, 2.9666499706344798e+00,
       6.2161725579031706e-03, 7.3614829120172386e-03,
       8.7542171561922537e-04, 9.3332381098482770e-03,
       4.4539182994801025e-03, 2.8469561527353595e+00 ]
RotationVector: !!opencv-matrix
   rows: 2
   cols: 1
   dt: "3d"
   data: [ -1.5761600750573937e-01, 5.5067410427856262e-02,
       2.4934201869935779e+00, 3.6795414646586144e-01,
       -3.1094298620093924e-01, 2.9631391122035855e+00 ]
TranslationVector: !!opencv-matrix
   rows: 2
   cols: 1
   dt: "3d"
   data: [ 1.0547219283368642e+01, -8.8122984327308596e-01,
       8.3840779266872573e+01, 9.5071643173621592e+00,
       2.3491160934307529e+00, 8.0097392785840256e+01 ]
RMS: 2.4406304360701345e-01
