%YAML:1.0
---
cameraMatrix: !!opencv-matrix
   rows: 3
   cols: 3
   dt: d
   data: [ 2.7336557520262741e+03, 0., 4.7950000000000000e+02, 0.,
       2.7345639109706017e+03, 6.3950000000000000e+02, 0., 0., 1. ]
distCoeffs: !!opencv-matrix
   rows: 1
   cols: 5
   dt: d
   data: [ -4.1748391454698669e-01, -1.1586895639500261e+01,
       -1.3938481576084363e-02, 1.2550781372659943e-02,
       2.0092045247724189e+02 ]
PerViewErrors: !!opencv-matrix
   rows: 6
   cols: 1
   dt: d
   data: [ 4.0915210108752442e-01, 5.0768449436562835e-01,
       3.8383273084307745e-01, 6.1322278595405033e-01,
       2.9725955906811730e-01, 3.2032491215755282e-01 ]
STDIntrinsics: !!opencv-matrix
   rows: 18
   cols: 1
   dt: d
   data: [ 1.1335469317116954e+02, 1.1371909285524583e+02, 0., 0.,
       1.3820662952665388e-01, 8.0477499924610783e+00,
       3.5272847064530626e-03, 2.9204052321811311e-03,
       1.5215526370943101e+02, 0., 0., 0., 0., 0., 0., 0., 0., 0. ]
STDExtrinsics: !!opencv-matrix
   rows: 36
   cols: 1
   dt: d
   data: [ 8.6472362384863444e-03, 1.3427035562708274e-02,
       5.0669565098209715e-04, 2.5199929866321817e-03,
       3.1734909878809625e-03, 1.9405466779480467e+00,
       7.0346888484282858e-03, 6.5596728383220029e-03,
       8.2734118494370780e-04, 4.7390192493939097e-03,
       2.9412873109979972e-03, 1.8896242727556323e+00,
       6.1476657124985845e-03, 5.5179831356202691e-03,
       4.9700374943814738e-04, 3.7936801029373815e-03,
       3.9185878539270630e-03, 1.9145661254581285e+00,
       7.2720003155517347e-03, 8.4013066761625555e-03,
       4.2326291722202418e-04, 3.2996490595451327e-03,
       6.8536541473954628e-03, 1.9062858994964300e+00,
       1.0799627948780954e-02, 7.6815947722928641e-03,
       5.0620213136421527e-04, 2.8076796499247355e-03,
       3.5103473408233657e-03, 1.9341399792702665e+00,
       1.0387802826488692e-02, 7.5623324491267260e-03,
       6.7490156636165961e-04, 3.4162698797165669e-03,
       3.5990265123454551e-03, 1.9336659720911478e+00 ]
RotationVector: !!opencv-matrix
   rows: 6
   cols: 1
   dt: "3d"
   data: [ 1.2528059796320135e-01, -8.0415149950811629e-02,
       2.4866413510549936e+00, 3.2796018476634736e-01,
       -1.4866712546833916e-01, 3.0965439258945100e+00,
       2.1189420803525580e-01, 1.1782585664022595e-01,
       2.4480988458765585e+00, 1.4871564885499522e-01,
       3.0719490927133539e-02, 9.2448561689903197e-01,
       5.9159538749995071e-02, 8.6035180182881782e-02,
       -5.4219617951885091e-01, 3.4231785023056842e-02,
       1.1397550377890121e-01, -8.7186510857666000e-01 ]
TranslationVector: !!opencv-matrix
   rows: 6
   cols: 1
   dt: "3d"
   data: [ 3.4633856487922650e+00, -9.3560509963941596e-01,
       4.6424714537315836e+01, 4.5370058457232449e+00,
       -1.4583583297641586e-01, 4.5024279246081775e+01,
       4.1699767066291784e+00, -3.7499133663224127e+00,
       4.4956690852211509e+01, -2.2716550902026467e+00,
       -7.6366208630113466e+00, 4.6005679100604134e+01,
       -4.1988785338042733e+00, -2.9172213436955077e+00,
       4.6827807009674494e+01, -4.2692844144158615e+00,
       -2.6879251985565591e+00, 4.6884566333318041e+01 ]
RMS: 4.3579238805678949e-01
