%YAML:1.0
---
cameraMatrixL: !!opencv-matrix
   rows: 3
   cols: 3
   dt: d
   data: [ 1.4828344675968265e+03, 0., 5.7141725030884004e+02, 0.,
       1.4828344675968265e+03, 5.9457978940795272e+02, 0., 0., 1. ]
cameraMatrixR: !!opencv-matrix
   rows: 3
   cols: 3
   dt: d
   data: [ 1.5185923524847990e+03, 0., 7.7042749279540908e+02, 0.,
       1.5185923524847990e+03, 3.6098077107856852e+02, 0., 0., 1. ]
DistorsionCoeffsL: !!opencv-matrix
   rows: 1
   cols: 5
   dt: d
   data: [ -1.5911001417095777e-01, -1.0948949816923701e+00,
       -2.1728278445496938e-02, 2.3470987039366634e-02,
       4.9094508622785575e+00 ]
DistorsionCoeffsR: !!opencv-matrix
   rows: 1
   cols: 5
   dt: d
   data: [ -2.6286125011251626e-01, 7.1134955424451207e-01,
       9.5593747643944911e-03, -1.0986554416148753e-02,
       -1.9620670717572528e+00 ]
RotationMatrix: !!opencv-matrix
   rows: 3
   cols: 3
   dt: d
   data: [ 9.9997211743887071e-01, 7.0036519427501762e-03,
       2.5909851960587192e-03, -6.9915392812696080e-03,
       9.9996472492933275e-01, -4.6548120780803334e-03,
       -2.6234944825266563e-03, 4.6365673152225645e-03,
       9.9998580965943284e-01 ]
TranslationMatrix: !!opencv-matrix
   rows: 3
   cols: 1
   dt: d
   data: [ -1.0562505242982651e+01, 4.1334746645870144e+00,
       3.2225001227558747e-01 ]
EssentialMatrix: !!opencv-matrix
   rows: 3
   cols: 3
   dt: d
   data: [ -8.5911243569933710e-03, -3.0307351135550720e-01,
       4.1349160224231003e+00, 2.9453035289329743e-01,
       5.1230693501005516e-02, 1.0563190302447246e+01,
       -4.0595112424120732e+00, -1.0591082067728724e+01,
       3.8456705315593753e-02 ]
FundamentalMatrix: !!opencv-matrix
   rows: 3
   cols: 3
   dt: d
   data: [ -3.1546590064126296e-09, -1.1128852784262974e-07,
       2.3194198210731410e-03, 1.0815148190241099e-07,
       1.8811899577050520e-08, 5.6786353075122297e-03,
       -2.3003023659883058e-03, -5.8269220197402346e-03, 1. ]
VectorOfRotationVectors: !!opencv-matrix
   rows: 1
   cols: 1
   dt: "3d"
   data: [ -3.0897159002288233e-02, 3.9878183912285042e-03,
       2.4960757455732994e+00 ]
VectorOfTranslationVectors: !!opencv-matrix
   rows: 1
   cols: 1
   dt: "3d"
   data: [ 9.0239089771997598e+00, -1.6475651142428324e-01,
       2.5502160344559069e+01 ]
PerViewErrors: !!opencv-matrix
   rows: 1
   cols: 2
   dt: d
   data: [ 2.1813882529202497e-01, 1.8994048083452650e-01 ]
RMS: 2.0452620047250147e-01
