%YAML:1.0
---
cameraMatrixL: !!opencv-matrix
   rows: 3
   cols: 3
   dt: d
   data: [ 1.1499173637124914e+03, 0., 6.7017859381489711e+02, 0.,
       1.1509059750186868e+03, 3.7127047692234868e+02, 0., 0., 1. ]
cameraMatrixR: !!opencv-matrix
   rows: 3
   cols: 3
   dt: d
   data: [ 1.4192980455061918e+03, 0., 6.1598394184972574e+02, 0.,
       1.4191173068519511e+03, 4.8470060218173194e+02, 0., 0., 1. ]
DistorsionCoeffsL: !!opencv-matrix
   rows: 1
   cols: 5
   dt: d
   data: [ -1.3804203291316644e-01, 3.0409605169672832e-01, 0., 0.,
       -7.3526224379592720e-01 ]
DistorsionCoeffsR: !!opencv-matrix
   rows: 1
   cols: 5
   dt: d
   data: [ -2.6232957064410134e-01, 1.1533065273008916e+00, 0., 0.,
       -5.9716497715251586e+00 ]
RotationMatrix: !!opencv-matrix
   rows: 3
   cols: 3
   dt: d
   data: [ 9.9995947242670757e-01, 8.7475162413572401e-03,
       2.1294280236373395e-03, -8.7236176499553425e-03,
       9.9990161078880557e-01, -1.0984863997761600e-02,
       -2.2253087871233462e-03, 1.0965842491989505e-02,
       9.9993739719006547e-01 ]
TranslationMatrix: !!opencv-matrix
   rows: 3
   cols: 1
   dt: d
   data: [ -6.2720630560350585e+00, -1.6582876055111664e+00,
       4.6042103111047643e+00 ]
EssentialMatrix: !!opencv-matrix
   rows: 3
   cols: 3
   dt: d
   data: [ 4.3855572314181634e-02, -4.6219418271725354e+00,
       -1.6076071679628043e+00, 4.5900664366019415e+00,
       1.0905386004732019e-01, 6.2814747417268508e+00,
       1.7129354791159543e+00, -6.2569400549363632e+00,
       7.2428963754356049e-02 ]
FundamentalMatrix: !!opencv-matrix
   rows: 3
   cols: 3
   dt: d
   data: [ -4.1031675882887053e-07, 4.3206166482890780e-05,
       1.5296267536286570e-03, -4.2950552254608059e-05,
       -1.0195713194471908e-06, -3.8426235284012213e-02,
       -1.6753048976262113e-03, 5.6894936829613073e-02, 1. ]
VectorOfRotationVectors: !!opencv-matrix
   rows: 1
   cols: 1
   dt: "3d"
   data: [ -2.3341057789815038e-02, 9.5202995845981696e-03,
       2.4974704839901061e+00 ]
VectorOfTranslationVectors: !!opencv-matrix
   rows: 1
   cols: 1
   dt: "3d"
   data: [ 7.3456660443765234e+00, 3.6251278889312153e+00,
       1.9508239166189998e+01 ]
PerViewErrors: !!opencv-matrix
   rows: 1
   cols: 2
   dt: d
   data: [ 2.5836252725990233e-01, 2.0778437591100959e-01 ]
RMS: 2.3444140244936637e-01
