%YAML:1.0
---
cameraMatrixL: !!opencv-matrix
   rows: 3
   cols: 3
   dt: d
   data: [ 1., 0., 0., 0., 1., 0., 0., 0., 1. ]
cameraMatrixR: !!opencv-matrix
   rows: 3
   cols: 3
   dt: d
   data: [ 1., 0., 0., 0., 1., 0., 0., 0., 1. ]
DistorsionCoeffsL: !!opencv-matrix
   rows: 1
   cols: 5
   dt: d
   data: [ 0., 0., 0., 0., 0. ]
DistorsionCoeffsR: !!opencv-matrix
   rows: 1
   cols: 5
   dt: d
   data: [ 0., 0., 0., 0., 0. ]
RotationMatrix: !!opencv-matrix
   rows: 3
   cols: 3
   dt: d
   data: [ 9.9994900259857100e-01, 1.0099090639527292e-02,
       2.3882581412088992e-05, -1.0099091037900304e-02,
       9.9994900274164622e-01, 1.6619131798351785e-05,
       -2.3713525347532893e-05, -1.6859476629716627e-05,
       9.9999999957671337e-01 ]
TranslationMatrix: !!opencv-matrix
   rows: 3
   cols: 1
   dt: d
   data: [ -7.0895854583455131e+00, 3.2275417014260299e-01,
       7.7044871689564687e-04 ]
EssentialMatrix: !!opencv-matrix
   rows: 3
   cols: 3
   dt: d
   data: [ 1.2719253726405493e-07, -7.7585089251204584e-04,
       3.2275415720179668e-01, 6.0229036154317399e-04,
       -1.1174586892431838e-04, 7.0895854737448909e+00,
       -2.5113934155381984e-01, -7.0924834325428279e+00,
       -1.2553095787244429e-04 ]
FundamentalMatrix: !!opencv-matrix
   rows: 3
   cols: 3
   dt: d
   data: [ -1.0132364113185452e-03, 6.1805542287059652e+00,
       -2.5711120401849935e+03, -4.7979428481313677e+00,
       8.9018574237174763e-01, -5.6476789422325834e+04,
       2.0006167865699706e+03, 5.6499875032816286e+04, 1. ]
VectorOfRotationVectors: !!opencv-matrix
   rows: 1
   cols: 1
   dt: "3d"
   data: [ -7.2285455566914736e-06, -1.6132853582976004e-05,
       2.4942049916204887e+00 ]
VectorOfTranslationVectors: !!opencv-matrix
   rows: 1
   cols: 1
   dt: "3d"
   data: [ 1.8782223329742056e+01, 9.9516926552643401e+00,
       1.7114321995372019e-02 ]
PerViewErrors: !!opencv-matrix
   rows: 1
   cols: 2
   dt: d
   data: [ 8.8449299992531971e-01, 1.5200633703690631e+00 ]
RMS: 1.2435675528202412e+00
