%YAML:1.0
---
cameraMatrix: !!opencv-matrix
   rows: 3
   cols: 3
   dt: d
   data: [ 2.3553215332031250e+03, 0., 8.8219919222308818e+02, 0.,
       1.3381833496093750e+03, 3.1725594067778366e+02, 0., 0., 1. ]
distCoeffs: !!opencv-matrix
   rows: 1
   cols: 5
   dt: d
   data: [ -3.8250215830163325e-01, 2.2971429414955119e-01,
       -6.5130826696109859e-04, -7.4595512626995605e-04,
       -4.6694219693246691e-01 ]
PerViewErrors: !!opencv-matrix
   rows: 27
   cols: 1
   dt: d
   data: [ 3.5117581724817282e-01, 3.1315535524909210e-01,
       4.0963930927956899e-01, 3.5072504011060207e-01,
       4.2615839387970084e-01, 3.8610351319369529e-01,
       4.1392105612057956e-01, 4.0920060506286987e-01,
       3.2171666608595484e-01, 3.1251293814916808e-01,
       2.3189625899879410e-01, 3.4666043321986484e-01,
       3.4258950732085924e-01, 4.7121999125899899e-01,
       3.7314009138128618e-01, 4.3720668347015379e-01,
       4.4046249081837441e-01, 2.9566099706011434e-01,
       3.1620144642373088e-01, 4.1476938859585033e-01,
       4.4733583295092894e-01, 2.6381680920214001e-01,
       2.7550505848075407e-01, 3.6119314949805531e-01,
       3.6119164787304842e-01, 2.3780957699226160e-01,
       2.9524779232692155e-01 ]
STDIntrinsics: !!opencv-matrix
   rows: 18
   cols: 1
   dt: d
   data: [ 1.7838281408744638e+01, 1.6739109703537824e+01,
       1.7297542823368648e+01, 1.1708985288001044e+01,
       3.2012031217206381e-02, 4.4719383471028878e-01,
       1.0067327898912203e-03, 1.3391324765136547e-03,
       2.2864387961257591e+00, 0., 0., 0., 0., 0., 0., 0., 0., 0. ]
STDExtrinsics: !!opencv-matrix
   rows: 162
   cols: 1
   dt: d
   data: [ 7.9248540964373705e-03, 1.0042739273434582e-02,
       1.3056694487040984e-03, 2.5605509494724721e-01,
       1.7569501793797182e-01, 2.8160933298659574e-01,
       7.4359763721107809e-03, 9.1363378715513324e-03,
       1.2039619457914436e-03, 2.8418465703839696e-01,
       1.9268370580203736e-01, 2.8175039915853956e-01,
       6.3346995598340646e-03, 8.8294010241779883e-03,
       1.4526651440952831e-03, 2.7785002096964556e-01,
       1.8876917546577263e-01, 2.5866800206344687e-01,
       6.9100292850903227e-03, 9.7136586753221957e-03,
       1.2829998263252057e-03, 2.6032978117609606e-01,
       1.7711694154247681e-01, 2.5295698848424852e-01,
       7.3797280198216481e-03, 1.0204045410203389e-02,
       1.7155273715478139e-03, 2.5178587884938308e-01,
       1.7174234656787266e-01, 2.6540175783461956e-01,
       6.5158906711337934e-03, 9.2696910317818654e-03,
       1.4642964976978000e-03, 2.7995414235730925e-01,
       1.9038676776809721e-01, 2.6221085911052644e-01,
       6.5699655822117646e-03, 9.7850121793510176e-03,
       1.5868138302396822e-03, 2.8244570543743702e-01,
       1.9288279451055146e-01, 2.7229654017729904e-01,
       6.6308944368631915e-03, 9.9351808923194857e-03,
       1.5867691738745498e-03, 2.8331037462198050e-01,
       1.9365857271413386e-01, 2.7538517664531981e-01,
       7.9142671585574007e-03, 9.7376634521585126e-03,
       1.4639073597861884e-03, 2.8368489047720180e-01,
       1.9563135183007843e-01, 2.9285535389955003e-01,
       8.1579177044483406e-03, 9.8338026659434384e-03,
       1.4277459369983938e-03, 2.8292883775013666e-01,
       1.9509851609334738e-01, 2.9269646371283303e-01,
       8.9618594678947030e-03, 1.0614646557162261e-02,
       1.3711523520349932e-03, 2.6093088533790632e-01,
       1.7752120494853460e-01, 2.7447138541924621e-01,
       7.1344937898817004e-03, 9.3650137941516925e-03,
       1.4546070348544844e-03, 2.5915272432597675e-01,
       1.7766616410994293e-01, 2.6485608662220700e-01,
       7.2890039123174547e-03, 9.4159241854115550e-03,
       1.4385081065366957e-03, 2.6016800850036909e-01,
       1.7832020091227380e-01, 2.6572275901813824e-01,
       6.9830544015243986e-03, 1.0022611107803777e-02,
       2.1161510053409553e-03, 2.5499096346397920e-01,
       1.7612419137329793e-01, 2.7789203835291620e-01,
       6.7359707754858951e-03, 9.8709329871185525e-03,
       1.4476332504646579e-03, 2.6164989941630029e-01,
       1.7930810006779221e-01, 2.6475068696998572e-01,
       6.3430963278707803e-03, 9.5498075887337549e-03,
       1.6429567637991169e-03, 2.7501948013393734e-01,
       1.8827566485235070e-01, 2.6840016250368171e-01,
       6.3182590460361954e-03, 9.4494133269544204e-03,
       1.6722721679146080e-03, 2.8008446721579860e-01,
       1.9168812422316889e-01, 2.7144719012738766e-01,
       7.5281028423589786e-03, 9.3645993011061482e-03,
       1.2467002147734997e-03, 2.6354756652015604e-01,
       1.8005315333321475e-01, 2.6681395712425116e-01,
       7.3068035141009022e-03, 9.0058151507865069e-03,
       1.3018983377136859e-03, 2.6152310515345562e-01,
       1.7847600788894744e-01, 2.6587840047368333e-01,
       6.8355456760198410e-03, 9.9225615506023067e-03,
       1.9480543984095723e-03, 2.8302108299764384e-01,
       1.9351859590546683e-01, 2.9602162540487648e-01,
       6.9704722482669800e-03, 9.6195473014651818e-03,
       1.7954543430259539e-03, 2.5309457084724346e-01,
       1.7395403360097117e-01, 2.7385158678203664e-01,
       7.8657273268389130e-03, 1.0596422223756128e-02,
       1.0794867674210737e-03, 2.5589660757760246e-01,
       1.7322865728986583e-01, 2.5793706582538423e-01,
       7.5941271300638789e-03, 1.0609567868830045e-02,
       1.0862364095537234e-03, 2.5973929673555124e-01,
       1.7567747087861177e-01, 2.6049325321434830e-01,
       6.7362480356924978e-03, 9.0657915413864393e-03,
       1.3575013206203095e-03, 2.7439330991790550e-01,
       1.8529070392282981e-01, 2.6560760066172895e-01,
       6.7605661908658231e-03, 8.9601394058532232e-03,
       1.2678901698022016e-03, 2.6124987664182014e-01,
       1.7755170545811716e-01, 2.6003389658714693e-01,
       1.0022731408908268e-02, 1.1946885717707597e-02,
       7.7557024649536226e-04, 2.5919043741583836e-01,
       1.7581192241260857e-01, 2.5822375306312167e-01,
       7.6655873415303602e-03, 9.2266148195362090e-03,
       1.2269132371710979e-03, 2.8525573829572332e-01,
       1.9331196565586950e-01, 2.8552063928274307e-01 ]
