%YAML:1.0
---
cameraMatrix: !!opencv-matrix
   rows: 3
   cols: 3
   dt: d
   data: [ 2.4619763183593750e+03, 0., 8.6864624640238617e+02, 0.,
       1.3907326660156250e+03, 3.3988345090287476e+02, 0., 0., 1. ]
distCoeffs: !!opencv-matrix
   rows: 1
   cols: 5
   dt: d
   data: [ -3.8436879825337433e-01, 3.5314685266957940e-02,
       8.6436742560116726e-04, -2.5772162127479743e-04,
       1.0718331827031142e+00 ]
PerViewErrors: !!opencv-matrix
   rows: 27
   cols: 1
   dt: d
   data: [ 3.2089672748204184e-01, 2.6429676532898611e-01,
       3.0215719896064464e-01, 4.5099148102522629e-01,
       4.3651335878985326e-01, 2.8707694738286960e-01,
       3.1209812367493611e-01, 3.0951661456211083e-01,
       3.1269254354697018e-01, 3.0452721911672476e-01,
       3.2326970088314722e-01, 4.5025904871298872e-01,
       4.3802284660004315e-01, 4.7883584932182782e-01,
       3.0157610144340896e-01, 3.2869103687953938e-01,
       3.4016883960927863e-01, 3.9123368410739767e-01,
       4.1489253534645609e-01, 3.8776068926271656e-01,
       4.4566118815158279e-01, 3.5834880356755000e-01,
       3.6237636039029941e-01, 2.7176714446975464e-01,
       2.8092564668385306e-01, 3.0213213255052968e-01,
       2.7942330595717435e-01 ]
STDIntrinsics: !!opencv-matrix
   rows: 18
   cols: 1
   dt: d
   data: [ 1.6160313999690523e+01, 1.5180841112195964e+01,
       1.7197796152492039e+01, 1.1480072025386486e+01,
       3.0903328742476126e-02, 6.3791818150782409e-01,
       1.0353439798421226e-03, 9.8823197621380685e-04,
       4.2797368786293397e+00, 0., 0., 0., 0., 0., 0., 0., 0., 0. ]
STDExtrinsics: !!opencv-matrix
   rows: 162
   cols: 1
   dt: d
   data: [ 9.6213486124530640e-03, 8.9975017113374592e-03,
       9.6351378299456040e-04, 2.5746672122638925e-01,
       1.7156078720447557e-01, 2.5296964334969591e-01,
       8.9103207140589658e-03, 1.0310674751911036e-02,
       1.3017832183335144e-03, 2.8384140106634598e-01,
       1.8912278812591904e-01, 2.5821789466373579e-01,
       7.0829798579807781e-03, 8.9512077150247053e-03,
       1.2348355487028870e-03, 2.7777118570323162e-01,
       1.8541474037710146e-01, 2.3869701681608865e-01,
       6.3522720469498476e-03, 9.3740658813609018e-03,
       1.6607530709202433e-03, 2.6062187248986596e-01,
       1.7383713356369107e-01, 2.3531002904898196e-01,
       7.0399038838079219e-03, 9.9237290008060246e-03,
       1.7413360112140928e-03, 2.5219662234668722e-01,
       1.6832564625765634e-01, 2.3749095693813924e-01,
       7.1863604831677967e-03, 9.4629182669984067e-03,
       1.2223320641630239e-03, 2.7926389412572150e-01,
       1.8643866400739162e-01, 2.4149047317853164e-01,
       6.8867980173162521e-03, 9.9496079222530127e-03,
       1.2030262395214886e-03, 2.8085047894596060e-01,
       1.8740824810470702e-01, 2.4456348524667784e-01,
       6.9679167709716799e-03, 1.0115269927782073e-02,
       1.1873695570896504e-03, 2.8149015839822578e-01,
       1.8788330736803924e-01, 2.4627191182390393e-01,
       8.2562123992020384e-03, 8.8268679496149496e-03,
       1.2320598657810677e-03, 2.8417783687806458e-01,
       1.8978151285350553e-01, 2.6072637785742492e-01,
       8.3857191335412334e-03, 8.8595146999947763e-03,
       1.1992871729812713e-03, 2.8336568182803001e-01,
       1.8917781092378894e-01, 2.5961695840197974e-01,
       6.9727305936619407e-03, 9.3103735760515904e-03,
       1.2370983468326098e-03, 2.5973874652815315e-01,
       1.7192668886005544e-01, 2.4185874726468906e-01,
       6.3374461431903607e-03, 8.8917304308925652e-03,
       1.6184053121214713e-03, 2.5882589958024399e-01,
       1.7271473581853411e-01, 2.3890628902968680e-01,
       6.3884858435552276e-03, 8.8962976836766752e-03,
       1.5736053574123211e-03, 2.5982557125254579e-01,
       1.7334332241588810e-01, 2.3952916392938389e-01,
       6.8309402947427785e-03, 9.5180766721644373e-03,
       1.9738877978085307e-03, 2.5528360676813550e-01,
       1.7086716162909901e-01, 2.4780223795224518e-01,
       7.1961611547543261e-03, 1.0123765191037519e-02,
       1.0624416625101090e-03, 2.6064226492586301e-01,
       1.7391293373834674e-01, 2.3741094520675449e-01,
       6.5140577150603401e-03, 9.7096823981191235e-03,
       1.1968908744514708e-03, 2.7391385027394127e-01,
       1.8268292173407097e-01, 2.3735125001520135e-01,
       6.5297547284652157e-03, 9.5922301151214716e-03,
       1.2441355607970817e-03, 2.7916533091854190e-01,
       1.8619581333575658e-01, 2.4105398949165271e-01,
       6.3402281581561130e-03, 8.7989001661962982e-03,
       1.4052840847808906e-03, 2.6196520144888574e-01,
       1.7464171166520415e-01, 2.3862049901933274e-01,
       6.2558320296190843e-03, 8.6677715631813552e-03,
       1.4759421715643871e-03, 2.5948418150055952e-01,
       1.7289409251898560e-01, 2.3683026740367749e-01,
       7.0804987751306352e-03, 9.9150321836094877e-03,
       1.8257796604480747e-03, 2.8206297505914812e-01,
       1.8759243229075390e-01, 2.6442606167637284e-01,
       6.8524564689098092e-03, 9.1464552157783669e-03,
       1.6597975180257308e-03, 2.5333462213269980e-01,
       1.6903182600351011e-01, 2.4350830036876139e-01,
       6.9465721604648695e-03, 9.7155893454145305e-03,
       1.3090990063750452e-03, 2.5541287209364794e-01,
       1.6902449495484256e-01, 2.3460558416454694e-01,
       6.9077555776673747e-03, 9.7864576125507897e-03,
       1.3767783021582300e-03, 2.5967782215076168e-01,
       1.7187826128759728e-01, 2.3857558700419282e-01,
       7.7636668169134412e-03, 9.9681759059582729e-03,
       1.3299160088287782e-03, 2.7413310453378775e-01,
       1.8157935329806790e-01, 2.4356259600323271e-01,
       8.2458647884995646e-03, 9.3333343063956263e-03,
       1.1539595063962719e-03, 2.6144385970113521e-01,
       1.7435173647344773e-01, 2.4028420738073730e-01,
       7.4615646014357922e-03, 1.0356380411196001e-02,
       1.0456377760435672e-03, 2.5867874648854228e-01,
       1.7194905323439530e-01, 2.3273807973632130e-01,
       8.4812144943120140e-03, 1.0282663519736175e-02,
       1.3320961873672221e-03, 2.8473807918526961e-01,
       1.8973417895640507e-01, 2.5909154375637922e-01 ]
