%YAML:1.0
---
cameraMatrixL: !!opencv-matrix
   rows: 3
   cols: 3
   dt: d
   data: [ 2.3553215332031250e+03, 0., 8.8219919222308818e+02, 0.,
       1.3381833496093750e+03, 3.1725594067778366e+02, 0., 0., 1. ]
cameraMatrixR: !!opencv-matrix
   rows: 3
   cols: 3
   dt: d
   data: [ 2.4619763183593750e+03, 0., 8.6864624640238617e+02, 0.,
       1.3907326660156250e+03, 3.3988345090287476e+02, 0., 0., 1. ]
DistorsionCoeffsL: !!opencv-matrix
   rows: 1
   cols: 5
   dt: d
   data: [ 0., 0., 0., 0., 0. ]
DistorsionCoeffsR: !!opencv-matrix
   rows: 1
   cols: 5
   dt: d
   data: [ 0., 0., 0., 0., 0. ]
RotationMatrix: !!opencv-matrix
   rows: 3
   cols: 3
   dt: d
   data: [ 9.9358376274108506e-01, 5.8303663203626158e-03,
       1.1294827686086002e-01, -3.9230183673597705e-03,
       9.9984605694134510e-01, -1.7101822877510723e-02,
       -1.1303059914977211e-01, 1.6548995359681882e-02,
       9.9345368005178214e-01 ]
TranslationMatrix: !!opencv-matrix
   rows: 3
   cols: 1
   dt: d
   data: [ 1.1773791382629082e+00, -2.7827780628489424e-01,
       4.5421927667263196e-01 ]
EssentialMatrix: !!opencv-matrix
   rows: 3
   cols: 3
   dt: d
   data: [ 3.3235817739661416e-02, -4.5875457089279209e-01,
       -2.6868813311325873e-01, 5.8438476745022649e-01,
       -1.6836177122927537e-02, -1.1183683531063222e+00,
       2.7187342987112839e-01, 1.1788203504666352e+00,
       1.1295669226250544e-02 ]
FundamentalMatrix: !!opencv-matrix
   rows: 3
   cols: 3
   dt: d
   data: [ 3.4432010758401600e-07, -8.3650973951224748e-06,
       -4.2061199929892285e-03, 1.0717540153524676e-05,
       -5.4346840232291205e-07, -5.7591948902114769e-02,
       2.9925574014146245e-03, 6.0371301472256327e-02, 1. ]
VectorOfRotationVectors: !!opencv-matrix
   rows: 27
   cols: 1
   dt: "3d"
   data: [ 8.1061794481220542e-02, 7.5273296755633889e-01,
       8.8671905962746059e-02, -1.0269972253790342e-01,
       8.1940694233605726e-01, -4.0514642064904405e-02,
       -1.9543585138497638e-01, 8.8887835272795857e-01,
       -1.0110701795075756e-01, -2.8546197029278064e-01,
       -1.1094733188231551e+00, 1.6923596829284462e-01,
       -2.8658178312121074e-01, 8.0786907352266402e-01,
       -1.6065273211930656e-01, -2.0001507810071537e-01,
       8.4848272239467271e-01, -7.9589659989107719e-02,
       -1.8713644259929144e-01, 7.7406559122379071e-01,
       -1.0835034329791161e-01, -1.8287297643341419e-01,
       7.5519575246978587e-01, -1.0754114578177447e-01,
       -1.8933606391624891e-01, 6.7247964946800498e-01,
       -6.8549248387304654e-02, -1.9274862165422052e-01,
       6.7252306924729455e-01, -7.7554700365266196e-02,
       5.8471760850223035e-02, -1.1861577784366264e+00,
       -1.7505639530838887e-02, -2.7908600220833230e-01,
       -1.1773644125401015e+00, 1.3681013422491878e-01,
       -2.7029559656203161e-01, -1.1763968857641565e+00,
       1.1618660672841352e-01, -2.0641537269946592e-01,
       6.9783130187796760e-01, -1.0465244302508050e-01,
       -6.2337159562325099e-02, 7.9351914917443234e-01,
       -1.0816229761236735e-02, -9.8765494393000322e-02,
       8.1116716727794014e-01, -2.6960963174017791e-02,
       -1.1447085845197229e-01, 8.1004697660405545e-01,
       -1.6651680213395539e-02, -1.8607318065276862e-01,
       -1.1841766407989913e+00, 9.7873495653673773e-02,
       -1.3069054090254617e-01, -1.2113499505225407e+00,
       -1.8134903058555124e-03, -1.4031597893415321e-02,
       6.9280235943050916e-01, 2.6269241412071018e-02,
       -1.4003680505987520e-01, 7.4650349374722536e-01,
       -1.0547285363700851e-01, 1.8975538275212325e-02,
       -1.1206473797639074e+00, 1.3235098210983022e-02,
       4.7178373090685285e-03, -1.0967480436559687e+00,
       2.4286217606840056e-02, 5.0840840469524834e-02,
       8.8547590096534734e-01, 7.1588024210323190e-02,
       -3.8287356705563332e-02, 8.7763552394121525e-01,
       -5.4744896946473186e-02, -6.9790851325506970e-02,
       -1.0743689015922111e+00, 4.8476766108047971e-02,
       -8.1816243118477905e-02, 8.0782722979415766e-01,
       -1.5290373407881393e-02 ]
VectorOfTranslationVectors: !!opencv-matrix
   rows: 27
   cols: 1
   dt: "3d"
   data: [ -7.4355143119490315e+00, -3.0452393752840483e+00,
       2.2719991265758626e+01, -5.0231393595158211e+00,
       1.1800452668424739e+00, 2.6223841654788124e+01,
       -4.6971036334019107e+00, 4.1243224250495691e+00,
       2.4701251149758406e+01, -4.4153039919918191e+00,
       3.9886621736972590e+00, 2.0390838528032678e+01,
       -5.2967625555723927e+00, 6.0277439977907363e+00,
       2.4126546486725179e+01, -5.6309841301593648e+00,
       5.5927688894812890e+00, 2.5093808792132229e+01,
       -7.8700772847533109e+00, 5.9257798618880102e+00,
       2.5398692339863111e+01, -8.3679129154105123e+00,
       5.9513789230965566e+00, 2.5616100053562946e+01,
       -8.6568354334845576e+00, 6.0744620324415619e+00,
       2.7153515912104595e+01, -8.6495950619922031e+00,
       6.2221854653208917e+00, 2.7093391247602490e+01,
       -6.4511502332411457e+00, -2.8737199459968967e+00,
       1.9253373515146265e+01, -6.6741772880217560e+00,
       4.9249474649696330e+00, 2.0989911136698360e+01,
       -6.7846313821103514e+00, 4.9899688378364271e+00,
       2.1075992837292365e+01, -7.8350951996870144e+00,
       6.5009874713695748e+00, 2.4962645293546359e+01,
       -7.2106054229883112e+00, 2.1400408347424027e+00,
       2.2564759695710915e+01, -7.4983684484601598e+00,
       2.1451316803493974e+00, 2.3682810088018510e+01,
       -7.4690491098709746e+00, 2.2462650848238432e+00,
       2.4348934618940881e+01, -6.5774666336658685e+00,
       2.1080641656673889e+00, 2.0461080493095309e+01,
       -6.7875655838352333e+00, 2.4293915306583220e+00,
       2.0080202226705925e+01, -8.5144377849012081e+00,
       -2.9955965280627779e+00, 2.5963350994564141e+01,
       -7.1548651525608564e+00, 3.1854251339979198e+00,
       2.3567124431902194e+01, -4.5142084291960689e+00,
       -2.6004911835968101e+00, 1.8478314514253082e+01,
       -4.1950248835480881e+00, -2.5092373806298638e+00,
       1.9186785472759784e+01, -4.5675652150874466e+00,
       -2.9561025649123907e+00, 2.3917019434458609e+01,
       -4.9175536552764934e+00, 1.2566431107393449e-02,
       2.2733340965596515e+01, -4.0913355390443300e+00,
       -2.5468535160225581e-01, 1.8823195448201883e+01,
       -5.1037670320275526e+00, 1.0325045088420186e+00,
       2.6543556162682627e+01 ]
PerViewErrors: !!opencv-matrix
   rows: 27
   cols: 2
   dt: d
   data: [ 7.6709076430090208e+00, 1.0087975594326231e+01,
       9.4401800474174316e+00, 1.0504113384703642e+01,
       6.8006806379912810e+00, 8.4173611733491818e+00,
       8.4189409953063006e+00, 6.4822307990453556e+00,
       1.3898298412115986e+01, 1.5733573305623102e+01,
       5.9542090667969383e+00, 7.6940223106390873e+00,
       5.5942330161963572e+00, 7.4345701096954624e+00,
       6.2372787522143538e+00, 8.0857230782210188e+00,
       6.9053989855795992e+00, 9.0255090861632770e+00,
       7.0324480196906540e+00, 9.1560613703943474e+00,
       1.1236377908212527e+01, 8.8825012388737647e+00,
       9.0237212755870697e+00, 7.6068120104702421e+00,
       9.2340420469328421e+00, 7.8787636700083867e+00,
       1.0549865050376141e+01, 1.2203829693445348e+01,
       6.9465423634202681e+00, 9.0592407436791405e+00,
       5.0216330880356566e+00, 7.0450946112589730e+00,
       5.0121815616889664e+00, 6.9557157240581553e+00,
       9.6880074740069766e+00, 8.1212204444775153e+00,
       9.7562716542668717e+00, 8.2461197199580898e+00,
       5.8397097479609155e+00, 7.7343578732996336e+00,
       1.0361750418314633e+01, 1.2409800243157539e+01,
       1.0037042812050800e+01, 7.0318614410460736e+00,
       9.2660485809335658e+00, 6.2702938249105733e+00,
       7.7026479780313331e+00, 9.3270292323273054e+00,
       8.9241777563555065e+00, 1.1367602700341614e+01,
       1.0566189043337626e+01, 7.3987460977839996e+00,
       9.8732081814656176e+00, 1.0873618037451124e+01 ]
RMS: 8.9239031686845749e+00
