%YAML:1.0
---
cameraMatrixL: !!opencv-matrix
   rows: 3
   cols: 3
   dt: d
   data: [ 2.0503238593564870e+03, 0., 6.5757632520075651e+02, 0.,
       2.0553906229879240e+03, 4.4508397419235683e+02, 0., 0., 1. ]
cameraMatrixR: !!opencv-matrix
   rows: 3
   cols: 3
   dt: d
   data: [ 2.0462826597406111e+03, 0., 6.4797556972569362e+02, 0.,
       2.0522696354958512e+03, 4.5946228158090793e+02, 0., 0., 1. ]
DistorsionCoeffsL: !!opencv-matrix
   rows: 1
   cols: 5
   dt: d
   data: [ -3.4757366035849574e-01, -7.5942340777880077e-02,
       -2.1163083400032079e-04, -5.8295020520353184e-04,
       4.5002850885144502e-01 ]
DistorsionCoeffsR: !!opencv-matrix
   rows: 1
   cols: 5
   dt: d
   data: [ -3.3396137725447866e-01, -7.0720131231227878e-01,
       4.6978011353693213e-04, 1.5789909519433465e-04,
       5.1807258223806230e+00 ]
RotationMatrix: !!opencv-matrix
   rows: 3
   cols: 3
   dt: d
   data: [ 9.9995774972522999e-01, 6.3674514590640417e-03,
       6.6298059074683148e-03, -6.2727638986935248e-03,
       9.9987941005692638e-01, -1.4206258384391962e-02,
       -6.7194640802288510e-03, 1.4164070958920069e-02,
       9.9987710639675376e-01 ]
TranslationMatrix: !!opencv-matrix
   rows: 3
   cols: 1
   dt: d
   data: [ 5.9625543495707278e+00, -6.3269043636476882e-02,
       6.9590984660900260e-02 ]
EssentialMatrix: !!opencv-matrix
   rows: 3
   cols: 3
   dt: d
   data: [ 8.6166188236116818e-04, -7.0478739911591634e-02,
       -6.2272640766413444e-02, 1.0965321420102964e-01,
       -8.4010925686920535e-02, -5.9613602150609459e+00,
       2.5864674834013494e-02, 5.9622381880453563e+00,
       -8.4286126241720924e-02 ]
FundamentalMatrix: !!opencv-matrix
   rows: 3
   cols: 3
   dt: d
   data: [ -6.7851669045528313e-09, 5.5361758838615252e-07,
       7.6346591601266758e-04, -8.6094661861425983e-07,
       6.5798913588489062e-07, 9.6240447845840488e-02,
       -1.6800736670546242e-05, -9.6496613940127735e-02,
       9.9999999999999989e-01 ]
VectorOfRotationVectors: !!opencv-matrix
   rows: 27
   cols: 1
   dt: "3d"
   data: [ 2.8347825494215373e-01, 1.6990489818493885e-02,
       6.8044105009062744e-02, -2.1171710619275522e-01,
       1.6620582828289862e-01, 1.6139426349888911e-02,
       -1.1248776059936709e-01, 4.1350127255079550e-01,
       -2.8943034446008792e-04, -1.2726680678995569e-01,
       -4.0385164769499104e-01, 7.6679214500784812e-02,
       2.1444985655204021e-01, -4.5521215237979057e-02,
       -1.3161664467755900e-02, -9.7844963674458468e-02,
       3.7052060288948885e-01, 4.1190583070822351e-02,
       -9.5901274495009348e-02, 3.2334484713645967e-01,
       7.4594281081353363e-03, -9.9415690930962280e-02,
       3.0504949160333827e-01, 6.3247255646444126e-03,
       -3.6744690838642219e-01, -3.7848745231909550e-02,
       4.3881962568654689e-02, -3.5783722312555993e-01,
       -5.0806922310188414e-02, 3.7792868909353947e-02,
       1.6555365310193207e-02, -3.1406864609893265e-01,
       -2.1627092028125437e-03, -2.0840726884302406e-02,
       -4.6462784679308200e-01, 4.5869677544289833e-02,
       -2.5814471293977060e-02, -4.5150500350506645e-01,
       2.2778542423126564e-02, 2.8136949582285514e-01,
       -5.9644619891456495e-02, 5.2865369371064980e-02,
       9.4040417998191170e-02, 2.2646444432681934e-01,
       6.5531762339783875e-02, -5.7451041953023189e-02,
       3.5379908020297168e-01, 4.7523276404817100e-02,
       -1.1471867527219998e-01, 3.6317920349263105e-01,
       6.1098835847311184e-02, -1.8033425966851598e-02,
       -4.1685483411288232e-01, 3.7939012898755980e-02,
       -4.5513357399683624e-02, -4.5668568198265114e-01,
       -7.5539398929440171e-02, -2.8595717528017744e-01,
       6.3851774103068970e-02, 2.7818481753514009e-03,
       3.0222356422395114e-01, -2.3338885856563341e-02,
       -8.5893439429702290e-03, 3.3053249779126791e-02,
       -2.6555926785628675e-01, 2.8887341059853373e-02,
       3.2825670948159226e-02, -2.7345191006746761e-01,
       3.6257996778019774e-02, 6.6852850469057020e-04,
       3.5483992998203895e-01, 6.4792263025830688e-02,
       1.5395359065372874e-01, 2.7577629890313793e-01,
       -3.3679001804495692e-02, 3.2890940598500541e-02,
       -1.5265792352407334e-01, 2.0220206978328624e-02,
       -2.3343075969060587e-01, 1.1948042080174047e-01,
       3.8824804096564670e-02 ]
VectorOfTranslationVectors: !!opencv-matrix
   rows: 27
   cols: 1
   dt: "3d"
   data: [ -8.5737801082561749e+00, -4.7628131046713449e+00,
       3.0274389136671513e+01, -3.8920480643502118e+00,
       -1.2877490824950690e+00, 3.3736097418249493e+01,
       -3.7826526444705335e+00, 1.4185429627759354e+00,
       3.3025418483186421e+01, -4.3137195393586367e+00,
       2.0840864711669567e+00, 3.0982657170120845e+01,
       -4.8377690586099531e+00, 2.9227386538159554e+00,
       2.9775925667730728e+01, -5.1128152302828287e+00,
       2.6387516627084060e+00, 3.3184265557730029e+01,
       -8.4417668878813021e+00, 2.8729637843493872e+00,
       3.3274959997067498e+01, -9.1144228595856713e+00,
       2.8484098607929327e+00, 3.3310809529227015e+01,
       -8.9049060575235064e+00, 2.6542814330196030e+00,
       3.3653904460529262e+01, -8.9084739472118475e+00,
       2.7746241405391752e+00, 3.3549545439171141e+01,
       -8.4192297008563823e+00, -4.9090866789861316e+00,
       3.0689594498296326e+01, -7.9746808283639856e+00,
       2.8283226979976979e+00, 3.0722586334862793e+01,
       -8.1327586849652889e+00, 2.8785527168634921e+00,
       3.0834558451326792e+01, -8.1748506066032594e+00,
       3.1946960987199033e+00, 3.0144142255184526e+01,
       -8.3221338122421109e+00, -1.4853648141070194e-01,
       3.0848614755655777e+01, -8.4910395178321885e+00,
       -2.4208449838504184e-01, 3.2488885486338859e+01,
       -8.2296191567666366e+00, -2.1127004279047512e-01,
       3.3145520605351301e+01, -8.0994631388482237e+00,
       1.6582946878677363e-01, 3.1149685789810651e+01,
       -8.5948365952026613e+00, 5.2331909462280946e-01,
       3.0832358640624459e+01, -9.1693900409731004e+00,
       -4.7671979670608087e+00, 3.3255749594055438e+01,
       -7.7391922967351316e+00, 6.8348212992699309e-01,
       3.0016291451376748e+01, -5.0740845766892821e+00,
       -4.6013314128275038e+00, 3.0306893502670487e+01,
       -4.2461304667610413e+00, -4.5007440194749258e+00,
       3.0775912279057607e+01, -3.7439542704711375e+00,
       -4.8170069491176486e+00, 3.2365573403469945e+01,
       -4.6600003196057989e+00, -2.0501035983679827e+00,
       3.0995635691071573e+01, -4.1623216325314933e+00,
       -2.0928802151076789e+00, 3.0706522218589942e+01,
       -3.9262590456516158e+00, -1.4351711507530900e+00,
       3.3849798238550456e+01 ]
