%YAML:1.0
---
cameraMatrixL: !!opencv-matrix
   rows: 3
   cols: 3
   dt: d
   data: [ 1., 0., 0., 0., 1., 0., 0., 0., 1. ]
cameraMatrixR: !!opencv-matrix
   rows: 3
   cols: 3
   dt: d
   data: [ 1., 0., 0., 0., 1., 0., 0., 0., 1. ]
DistorsionCoeffsL: !!opencv-matrix
   rows: 1
   cols: 5
   dt: d
   data: [ 0., 0., 0., 0., 0. ]
DistorsionCoeffsR: !!opencv-matrix
   rows: 1
   cols: 5
   dt: d
   data: [ 0., 0., 0., 0., 0. ]
RotationMatrix: !!opencv-matrix
   rows: 3
   cols: 3
   dt: d
   data: [ 9.9998913530002775e-01, 4.6614458784962794e-03,
       -1.4290716807646555e-05, -4.6614458602838981e-03,
       9.9998913540137135e-01, 1.3074635509287078e-06,
       1.4296656215325073e-05, -1.2408339430261490e-06,
       9.9999999989703292e-01 ]
TranslationMatrix: !!opencv-matrix
   rows: 3
   cols: 1
   dt: d
   data: [ 6.1742658451670041e+00, -2.6077947053216605e-01,
       -1.2156797192547757e-04 ]
EssentialMatrix: !!opencv-matrix
   rows: 3
   cols: 3
   dt: d
   data: [ -4.2949569576880000e-06, 1.2189023515693719e-04,
       -2.6077947034636867e-01, -2.0983800729631254e-04,
       7.0945561122610833e-06, -6.1742658427939645e+00,
       2.3199563127721379e-01, 6.1754143736348786e+00,
       4.3459019836766949e-06 ]
FundamentalMatrix: !!opencv-matrix
   rows: 3
   cols: 3
   dt: d
   data: [ -9.8827745628409347e-01, 2.8047166184317927e+01,
       -6.0005833386455146e+04, -4.8284109509250044e+01,
       1.6324703453755733e+00, -1.4207098701223924e+06,
       5.3382619338538825e+04, 1.4209741491708448e+06, 1. ]
VectorOfRotationVectors: !!opencv-matrix
   rows: 27
   cols: 1
   dt: "3d"
   data: [ -6.4605748278517876e-07, 6.5124688989213103e-05,
       4.9336035234559615e-02, 1.2108459496077675e-05,
       3.0301069300017087e-05, -5.6663223468449517e-03,
       -3.1776321045404083e-05, -2.4026815490388464e-05,
       3.2354184120510728e-02, -6.5064023199839455e-05,
       -9.4944760246332255e-05, 1.1452075005779812e-01,
       5.9893292996733420e-05, 2.6677681050137478e-05,
       -4.2627375027139182e-02, -4.2891492159198954e-05,
       -1.8000089392383029e-05, 8.7825529037844588e-02,
       -6.5830991937299645e-05, -2.2480214282262847e-05,
       6.1935013710502418e-02, -6.8180894310332550e-05,
       -1.8656599811394972e-05, 5.7780314787276188e-02,
       5.0041812032460029e-06, 4.6169289995016923e-05,
       3.4899786212375244e-02, 7.2286094868717782e-07,
       4.6449277868405696e-05, 2.8522831030918985e-02,
       -5.5975450068039463e-05, -1.0009373526274320e-05,
       2.6938759033726441e-02, -3.7193036289966577e-05,
       -9.2720033975091315e-05, 6.2431013533521734e-02,
       -3.7768953269390625e-05, -8.3420759242427674e-05,
       3.6728728495191348e-02, 8.6423989718920001e-05,
       6.4677033317803341e-05, -3.1170619842832256e-03,
       -5.4112506232415484e-05, 2.5154155834989942e-05,
       8.0427221882457628e-02, -7.2698489313723181e-05,
       -5.1144773874291496e-05, 8.9174401836055045e-02,
       -5.3537512854173157e-05, -6.1461956938112762e-05,
       1.0054081888721862e-01, -5.4536995689217254e-05,
       -6.7041983010695857e-05, 6.1007880245797737e-02,
       -7.5443598536547381e-05, -8.0753552880981832e-05,
       -4.1628744927051306e-02, 1.0133863010974831e-04,
       6.1803723463283900e-05, -2.6514930238387444e-02,
       5.8294536719583004e-05, 6.3121750240488299e-05,
       -4.7359850279395023e-02, -4.7198858108416848e-05,
       -3.0152223253778188e-05, 6.1523941137027541e-02,
       -4.8425559570732345e-05, -4.0564647219174921e-05,
       7.2516226410799148e-02, 8.5931003634168017e-06,
       -2.4444882481152949e-06, 4.1044349880106433e-02,
       -3.5997183930619007e-05, 1.8981846379435603e-05,
       -2.2517242243432708e-02, -1.9397128016253113e-05,
       -3.5227949332589499e-06, 2.8622358170661239e-02,
       9.7109938273271034e-06, 3.5193500332787713e-05,
       1.7688394896717991e-02 ]
VectorOfTranslationVectors: !!opencv-matrix
   rows: 27
   cols: 1
   dt: "3d"
   data: [ 1.5735342923666176e+00, 2.1297839606584090e+00,
       1.6006415226299583e-02, 6.9667259953819203e+00,
       6.1516869105251137e+00, 1.6787606709444434e-02,
       6.6482270430144990e+00, 8.5777846285789145e+00,
       1.6181578280830826e-02, 6.1910367939998512e+00,
       9.4338882972569511e+00, 1.6143465329576234e-02,
       5.1918359884139829e+00, 1.0002924242341365e+01,
       1.5465811484631517e-02, 5.4907132470870854e+00,
       9.9201574178617111e+00, 1.6430556980142633e-02,
       2.3041927731857630e+00, 1.0334018573278923e+01,
       1.6800948895191563e-02, 1.6752981052838554e+00,
       1.0377112923843448e+01, 1.6927716490444941e-02,
       2.0925661815166645e+00, 1.0352503585585051e+01,
       1.7190334002239800e-02, 2.0750598451358209e+00,
       1.0479696941661949e+01, 1.7177109977282869e-02,
       1.9153235294259188e+00, 2.0821777017278329e+00,
       1.6278679383778173e-02, 2.3650718928147216e+00,
       1.0288645669155560e+01, 1.6266339262391235e-02,
       2.2432989891058268e+00, 1.0370437846876470e+01,
       1.6334692434027163e-02, 1.9617980912906559e+00,
       1.0536898522264783e+01, 1.5965538243241331e-02,
       1.7658227575891734e+00, 6.8825185647481764e+00,
       1.5852635722282751e-02, 1.8927075246364047e+00,
       6.9058015452741230e+00, 1.6235707254001676e-02,
       2.2919680928630393e+00, 7.0020065950326211e+00,
       1.6394572540002539e-02, 2.3298880566930245e+00,
       7.5101053963052360e+00, 1.6399493482198393e-02,
       1.7558996989762308e+00, 7.8594895622364973e+00,
       1.6351402232520445e-02, 1.6277104637282198e+00,
       2.6061827786137295e+00, 1.6929528333108793e-02,
       2.2997349919400021e+00, 7.7628878058801041e+00,
       1.5756171417989080e-02, 5.1582491237446275e+00,
       2.2356741252795325e+00, 1.5809855604125969e-02,
       6.1746395081265746e+00, 2.4397717547441475e+00,
       1.6028513643327604e-02, 6.5779064427167313e+00,
       2.2793715922508198e+00, 1.6018496376768217e-02,
       5.4413531892243467e+00, 4.8468007105931674e+00,
       1.5630189743156910e-02, 6.1303259357444473e+00,
       4.9015593346501252e+00, 1.5833940012954760e-02,
       7.0249165217336849e+00, 6.0516027913557302e+00,
       1.6916772370323626e-02 ]
PerViewErrors: !!opencv-matrix
   rows: 27
   cols: 2
   dt: d
   data: [ 2.9546063533487947e+00, 2.7914816049756390e+00,
       3.6890660778226723e+00, 1.6283005782688018e+00,
       6.9013660233690155e+00, 4.4672124972646943e+00,
       4.2657626473324992e+00, 3.6677514263486950e+00,
       3.7537562121256967e+00, 3.2426478307660545e+00,
       7.0174081208136707e+00, 4.2140947317708282e+00,
       1.0018762074804048e+01, 4.6208035181949576e+00,
       1.0210733003273281e+01, 4.5642721592910069e+00,
       3.5060912006396254e+00, 2.7050541468486520e+00,
       3.3401923210665938e+00, 2.6618545619517033e+00,
       3.2560883854265503e+00, 3.1347731672944139e+00,
       2.6815725867695757e+00, 2.4444932921022464e+00,
       2.6288677536804954e+00, 2.4306674162866981e+00,
       2.6349162732848810e+00, 2.3673201588824000e+00,
       7.6964097055174197e+00, 3.2651230607881585e+00,
       1.1888285781664147e+01, 6.0927701453898964e+00,
       1.1474327011927629e+01, 6.4314531404645727e+00,
       2.5742277122735695e+00, 2.5693622215411973e+00,
       2.5137845199401943e+00, 2.3293671842660189e+00,
       6.3749857741587279e+00, 3.5572270466864495e+00,
       2.5967628065677921e+00, 2.1882052130961496e+00,
       4.6915128972271605e+00, 3.7207441339837466e+00,
       4.9406073983511130e+00, 3.8638673214064445e+00,
       6.6666273127873881e+00, 3.9848351194744014e+00,
       4.7382018551796667e+00, 2.7613727437110565e+00,
       4.7302274050448707e+00, 3.5373292172315156e+00,
       3.3344742882040119e+00, 1.5558799576924374e+00 ]
RMS: 4.8922620864443971e+00
