%YAML:1.0
---
cameraMatrix: !!opencv-matrix
   rows: 3
   cols: 3
   dt: d
   data: [ 9.9166736655791203e+02, 0., 5.1150000000000000e+02, 0.,
       9.8890191949773873e+02, 6.3950000000000000e+02, 0., 0., 1. ]
distCoeffs: !!opencv-matrix
   rows: 1
   cols: 5
   dt: d
   data: [ -3.2508232104081614e-01, 1.2096941925861525e-01,
       -1.1610502862983339e-02, 1.4111140673598774e-03,
       -1.3736855498538668e-02 ]
PerViewErrors: !!opencv-matrix
   rows: 47
   cols: 1
   dt: d
   data: [ 1.9095433128374557e+00, 1.3970699683846217e+00,
       2.1566579596289293e+00, 1.5488401079871210e+00,
       1.8904784369722403e+00, 1.5247141197574712e+00,
       2.1358813009124940e+00, 1.9115708551841100e+00,
       1.5109872681485257e+00, 9.5902627371960680e-01,
       6.9570554268174856e-01, 6.7449643658789626e-01,
       7.9976550991146633e-01, 6.2691147855708029e-01,
       8.1269413242600563e-01, 5.8405009152050180e-01,
       7.5497566350374412e-01, 5.4731104477588066e-01,
       8.3384779072308857e-01, 8.2529247549636175e-01,
       9.4737584056853541e-01, 6.8380098350867013e-01,
       6.7216951674021352e-01, 8.2073528321518152e-01,
       8.2915447600354586e-01, 7.0154845379511854e-01,
       7.4648063176407253e-01, 7.0500534048617003e-01,
       6.6809804146395291e-01, 4.8730338124690176e-01,
       5.0830153154159752e-01, 5.1323818619855144e-01,
       8.0248837666161998e-01, 7.2221225106306497e-01,
       5.4583129983026080e-01, 3.6852947834864780e-01,
       6.1475278270956024e-01, 4.3691364787135617e-01,
       5.5116305528765475e-01, 5.7796126677902104e-01,
       6.0182845842524890e-01, 7.2296934667728541e-01,
       8.3544495693187593e-01, 4.7295904546887463e-01,
       4.3333355319181660e-01, 2.7722800555303664e+00,
       2.7762670253177895e+00 ]
STDIntrinsics: !!opencv-matrix
   rows: 18
   cols: 1
   dt: d
   data: [ 6.0682141597801929e+00, 6.0451958010421514e+00, 0., 0.,
       9.0455352934140920e-03, 2.8928019321933236e-02,
       8.6531290206623478e-04, 4.6564274437691172e-04,
       2.9420993319938551e-02, 0., 0., 0., 0., 0., 0., 0., 0., 0. ]
STDExtrinsics: !!opencv-matrix
   rows: 282
   cols: 1
   dt: d
   data: [ 5.9721528657258926e-03, 4.6452449057404052e-03,
       1.1236055444214465e-03, 8.4687146309783672e-03,
       1.0231013546055601e-02, 9.5475924355141462e-02,
       5.7275579034760772e-03, 4.5886094982916506e-03,
       1.3398161195784604e-03, 7.9709543860555510e-03,
       6.8985533277770355e-03, 1.0562441079817136e-01,
       4.6570659617659630e-03, 3.8968460625519582e-03,
       1.2287772732768295e-03, 5.8062153680750635e-03,
       7.4962057919691115e-03, 1.0259739113647726e-01,
       4.5522610066113193e-03, 3.8573867734772258e-03,
       9.0616109333283240e-04, 3.9807434489631940e-03,
       9.3886340429805981e-03, 9.4773934857012659e-02,
       4.6292214917741685e-03, 3.8160052830151820e-03,
       8.7448203320168716e-04, 6.6345046856431909e-03,
       1.1029994870658163e-02, 8.9087332602544825e-02,
       5.7438840716654803e-03, 5.0790679848654683e-03,
       1.1621048921667395e-03, 6.8260389866132958e-03,
       6.2291496664529118e-03, 1.1035066254485373e-01,
       5.2815917442431025e-03, 4.4445268444022589e-03,
       9.6540362660211285e-04, 7.3418202556177663e-03,
       6.6729494018011350e-03, 1.0187231825673664e-01,
       6.5668744636246130e-03, 5.5981650596788352e-03,
       1.0570120781469086e-03, 4.9973142322770414e-03,
       6.6541024708441886e-03, 1.1419581070400099e-01,
       3.7931428132174328e-03, 3.5463439478387124e-03,
       1.1116994060132496e-03, 5.0345844341237195e-03,
       6.7570850141679970e-03, 1.0768987648444055e-01,
       1.2200222879699215e-02, 1.0167149318409327e-02,
       1.4005592811014334e-03, 7.6896897748890049e-03,
       1.3505691415645171e-02, 1.6211634302054484e-01,
       1.7596155808563614e-02, 1.4699803539375219e-02,
       2.4630044724997168e-03, 2.0236102784316975e-02,
       1.9674121383256405e-02, 2.0901572760830736e-01,
       1.3944726386074600e-02, 1.2249301795689848e-02,
       3.2422133922674567e-03, 2.1949406040583572e-02,
       1.2572903602812779e-02, 1.8817859053484823e-01,
       1.0177729126536311e-02, 9.1983790267473695e-03,
       2.5163421656003528e-03, 2.2001263433664958e-02,
       2.8323460804490656e-02, 1.9493576665927664e-01,
       9.2188360222153973e-03, 8.6183271779126866e-03,
       3.3134425759799905e-03, 2.1209868746165518e-02,
       3.0444781940225624e-02, 1.9693884938932602e-01,
       7.9421282093495894e-03, 7.4418931904491874e-03,
       2.6399817585748418e-03, 2.4984711165974397e-02,
       2.6908134142312308e-02, 1.8488706818363762e-01,
       8.6030410980388865e-03, 7.8888210889729946e-03,
       2.4123679022925904e-03, 2.6276711198212181e-02,
       4.8100293321016903e-02, 1.9343806702570432e-01,
       1.5113887097879744e-02, 1.2199095216129687e-02,
       2.9231080846201011e-03, 1.1633426792977426e-02,
       3.4451320676798618e-02, 1.7586512087050143e-01,
       5.3737274868716480e-03, 4.2896097357307825e-03,
       1.9184410448649539e-03, 1.9364642332536576e-02,
       2.6685921819258555e-02, 1.8047224449102514e-01,
       8.8616163860063806e-03, 7.5555123064344216e-03,
       2.3152160006059070e-03, 1.9328447263704845e-02,
       1.9607072217850536e-02, 1.7925125377598672e-01,
       5.9194464694868184e-03, 5.6235803741810503e-03,
       2.0862274224488944e-03, 2.0078153724700131e-02,
       2.2789011086977392e-02, 1.8592246645436697e-01,
       1.0811674125793593e-02, 1.0525171925648750e-02,
       1.9224014667937825e-03, 2.5434049727715805e-02,
       9.9171920736465212e-03, 1.9945786826195477e-01,
       7.4006436360007973e-03, 7.1488157924195104e-03,
       1.7944860513114057e-03, 3.1971020253511007e-02,
       1.0495311259446095e-02, 2.1131505421447955e-01,
       6.1359551139164832e-03, 6.4465183788144894e-03,
       2.0099961483917182e-03, 2.4742245876989987e-02,
       1.3022630728004216e-02, 2.0589171005275966e-01,
       1.0258889287181952e-02, 1.0073266633639952e-02,
       2.3281783751441074e-03, 3.1460221688601499e-02,
       1.3298286460338185e-02, 2.0753181302578422e-01,
       1.3390247935426000e-02, 1.2479024774861958e-02,
       2.3929917112640504e-03, 2.9845858237658705e-02,
       1.4779656074057420e-02, 2.1309489372214446e-01,
       9.0332439501732472e-03, 8.5892988713576080e-03,
       1.8025890002201143e-03, 2.1253205468366915e-02,
       8.4888789726882772e-03, 2.0834127188785118e-01,
       1.9434252157434211e-02, 1.6576917758866001e-02,
       2.0457863884715639e-03, 9.5755949872158713e-03,
       9.9848154172087460e-03, 2.2497484914347762e-01,
       8.7969060818988733e-03, 8.2155081400270488e-03,
       1.8999386215426115e-03, 1.5484339135308852e-02,
       1.1807832488575535e-02, 2.2120083638760654e-01,
       9.6949175281053519e-03, 9.1893447186050404e-03,
       2.2012263851286327e-03, 1.4076244298733895e-02,
       9.7108761571854229e-03, 2.1222169581267802e-01,
       6.8159281732049900e-03, 6.6992297115120560e-03,
       2.0892558389274491e-03, 1.0215756563198947e-02,
       1.1692582699309804e-02, 2.1038182683757156e-01,
       1.1876876242859505e-02, 1.1717148595628113e-02,
       2.5926747608667139e-03, 3.8391752751912117e-02,
       1.3462488845405043e-02, 2.5598729854877195e-01,
       1.0490426815510233e-02, 9.8487411640874618e-03,
       2.4097631804109376e-03, 5.1390503007569123e-02,
       1.1838446973456190e-02, 2.6818128385456197e-01,
       2.4793885328437484e-02, 2.1648517035577176e-02,
       5.9292197417287890e-03, 5.8210134155925790e-02,
       1.0695998091806375e-02, 2.5632513641972715e-01,
       2.7444627061901761e-02, 2.3642848562033959e-02,
       5.8467098798921638e-03, 4.6116690855353325e-02,
       1.5005251671107847e-02, 2.4859939959031691e-01,
       2.8789189102997007e-02, 2.3750469702259216e-02,
       5.0918768337669769e-03, 5.5861567026577713e-02,
       1.5341815025058570e-02, 2.8590367557665142e-01,
       8.8545682906236624e-03, 9.6323799680870081e-03,
