%YAML:1.0
---
cameraMatrix: !!opencv-matrix
   rows: 3
   cols: 3
   dt: d
   data: [ 9.8783058940854846e+02, 0., 5.1150000000000000e+02, 0.,
       9.6873693110513977e+02, 6.3950000000000000e+02, 0., 0., 1. ]
distCoeffs: !!opencv-matrix
   rows: 1
   cols: 5
   dt: d
   data: [ -3.4228177460159520e-01, 1.1470367130602724e-01,
       -1.5659257575626823e-02, 6.4881280987251228e-03,
       -1.4289379047045633e-02 ]
PerViewErrors: !!opencv-matrix
   rows: 48
   cols: 1
   dt: d
   data: [ 2.1045135587125086e+00, 1.0884307238725992e+00,
       2.1028895403880181e+00, 1.1214558985868055e+00,
       1.8155284337219633e+00, 1.0210806793119760e+00,
       1.5581607513414792e+00, 1.8590031970095773e+00,
       1.0181258421628141e+00, 6.1389674682512441e-01,
       4.3334294481810665e-01, 7.6248648304733668e-01,
       5.0823259630945339e-01, 5.3949118037442179e-01,
       7.6110781136463068e-01, 4.2182432630982669e-01,
       8.0015711756982699e-01, 4.6037602796926486e-01,
       1.2680499198971056e+00, 1.1013045404878825e+00,
       1.3333040610661531e+00, 9.2633027136666901e-01,
       7.7367461006763727e-01, 7.9901209027478082e-01,
       7.1794303486905786e-01, 6.3706389726301327e-01,
       9.0971866073199781e-01, 3.9280990645808417e-01,
       5.8220677290080747e-01, 7.4487789113030156e-01,
       4.1864305513247868e-01, 2.8721393198548806e-01,
       3.9918043751236365e-01, 9.0904849375963115e-01,
       7.4414141418160074e-01, 3.1408717547024340e-01,
       3.1054624616366511e-01, 3.3857718474566645e-01,
       5.2173303580745689e-01, 3.6164120634843744e-01,
       4.3281743140596518e-01, 6.7902802682773900e-01,
       6.0024911937401881e-01, 7.6415727532744626e-01,
       4.0866045740614648e-01, 3.4272005591123045e-01,
       2.0370232582667245e+00, 2.0837999959574343e+00 ]
STDIntrinsics: !!opencv-matrix
   rows: 18
   cols: 1
   dt: d
   data: [ 5.9506330388456705e+00, 5.6622651099505505e+00, 0., 0.,
       5.5649828347349552e-03, 9.7190163250445456e-03,
       5.1454516966293749e-04, 6.0208003662695273e-04,
       6.2626612659895768e-03, 0., 0., 0., 0., 0., 0., 0., 0., 0. ]
STDExtrinsics: !!opencv-matrix
   rows: 288
   cols: 1
   dt: d
   data: [ 3.0779541080741568e-03, 2.9107327285779342e-03,
       8.6437118020533834e-04, 4.3996162457625434e-03,
       8.2421724143805011e-03, 8.2248046296057378e-02,
       8.6006263052199883e-03, 6.4273425068537898e-03,
       2.1017887185817690e-03, 1.2072278108056280e-02,
       9.0631450995940742e-03, 1.0383160546933581e-01,
       4.1741703626337907e-03, 3.7330338477970203e-03,
       1.1884149243840414e-03, 7.8238292990001779e-03,
       7.6743050987140050e-03, 9.4397400542709259e-02,
       4.4203259392309119e-03, 4.0700519421957180e-03,
       1.0500364454921049e-03, 6.7950393562652882e-03,
       1.1913539118262902e-02, 8.3193245844414690e-02,
       2.8114015783106631e-03, 2.9418296190833514e-03,
       9.3180271038052829e-04, 5.3393033619186635e-03,
       8.7182295920416823e-03, 7.7807660427980721e-02,
       8.5059298808441205e-03, 6.7706645115762432e-03,
       1.7540027174626671e-03, 1.2949853102589417e-02,
       8.4809313138960399e-03, 1.0690230975742226e-01,
       3.1313509824194685e-03, 3.1561133643555773e-03,
       8.9078358362502366e-04, 5.4921029833257503e-03,
       5.4504203967887348e-03, 9.1264576207087486e-02,
       4.9108690764988723e-03, 4.6044974513413887e-03,
       1.0711433628491861e-03, 8.9660295550123489e-03,
       4.9243436101379327e-03, 1.0402017982477381e-01,
       3.4552828406618353e-03, 3.5793215375606539e-03,
       1.1018049920195918e-03, 7.5056358652476488e-03,
       6.4682881333601250e-03, 9.7905848946495455e-02,
       7.4163379148569752e-03, 6.7247126970878266e-03,
       1.3342180018357018e-03, 1.1502298607280574e-02,
       1.0810316100272731e-02, 1.4699037902235945e-01,
       8.7760333777940503e-03, 8.2497573369075435e-03,
       1.9010854820580517e-03, 2.9073027937581347e-02,
       1.5349025733093468e-02, 1.8704090133475987e-01,
       1.5577496379481163e-02, 1.3583908529861329e-02,
       4.0207917346391777e-03, 3.3634247783459720e-02,
       1.2004907407605295e-02, 1.7950835839132512e-01,
       6.3646838156426102e-03, 5.8755720356769136e-03,
       2.0183628019540423e-03, 3.1038998728011379e-02,
       2.6661835232090196e-02, 1.8047294393340607e-01,
       1.0743283580793786e-02, 9.9063862910469865e-03,
       3.8963368900954967e-03, 2.7428570521215608e-02,
       2.6636896756584511e-02, 1.7320108114562380e-01,
       8.7207103624541895e-03, 9.1275470557604099e-03,
       3.1462529839489722e-03, 3.5678355880713254e-02,
       3.3324481331884460e-02, 1.6746721563544678e-01,
       6.2691986594315225e-03, 5.9489246905235016e-03,
       2.1403026315979109e-03, 3.6889951473850317e-02,
       4.1088241980917560e-02, 1.6821520795043429e-01,
       1.1029515802904555e-02, 8.8945190070402278e-03,
       2.1408701436205178e-03, 1.2046602549851558e-02,
       3.5357959264221354e-02, 1.5427761588774513e-01,
       6.1606129187132385e-03, 4.7181304396950495e-03,
       1.6744329278714034e-03, 1.0534404055229188e-02,
       2.1725968023122790e-02, 1.6109100318864325e-01,
       1.2036092047817979e-02, 1.0402037437870781e-02,
       2.7199043770911838e-03, 7.2033227053194364e-03,
       2.1413601695801910e-02, 1.6985635519987582e-01,
       5.9493803368986424e-03, 5.9481333907310217e-03,
       1.9825075905925997e-03, 9.9272488862859817e-03,
       1.8391939748990803e-02, 1.7110516823996452e-01,
       1.5047137344174269e-02, 1.3450757286255298e-02,
       1.6226635599389143e-03, 9.4510498937956516e-03,
       7.2084815689763184e-03, 1.8611635542913105e-01,
       8.1086664625783633e-03, 8.0387998032085961e-03,
       1.4591118844985746e-03, 1.7411720737591924e-02,
       7.8860149342135921e-03, 1.8752204249699639e-01,
       5.7501913960075722e-03, 5.5673487827300186e-03,
       1.6403766542737270e-03, 1.3547505187052779e-02,
       1.0739932323554155e-02, 1.8927757693121849e-01,
       7.6714708573424190e-03, 7.2403268215697481e-03,
       1.9788310612311659e-03, 2.9715785842563659e-02,
       1.0680167415867145e-02, 1.8660581655098010e-01,
       7.0786389073707922e-03, 6.7576264438098371e-03,
       1.7156309643877954e-03, 2.1135736536011470e-02,
       1.0325126834632064e-02, 1.8388028467000830e-01,
       9.4191995466749601e-03, 8.5614350398455080e-03,
       1.6862857586923830e-03, 2.1578784331835976e-02,
       1.2095532296253830e-02, 1.9329889305517720e-01,
       1.0838522983438474e-02, 1.0234010358578842e-02,
       1.5241069152355214e-03, 1.0189244472489966e-02,
       7.0150045853400473e-03, 1.8974042790846438e-01,
       1.4428490940376388e-02, 1.2696204712391298e-02,
       1.7245443594028967e-03, 1.1185040405098878e-02,
       9.9150327661342817e-03, 2.1896690753359122e-01,
       5.4238014015099709e-03, 4.9901836176379014e-03,
       1.5970801567466645e-03, 1.0771251512499913e-02,
       1.0195089117142063e-02, 1.9609984107062026e-01,
       1.1637984710549085e-02, 1.0833879640056256e-02,
       2.4195367650843447e-03, 1.8220357900521116e-02,
       8.3751777117356662e-03, 1.8990188474582653e-01,
       6.4526123978265286e-03, 6.3166008932758503e-03,
       1.8468971822897112e-03, 1.3812862053161398e-02,
       1.0704138430226965e-02, 1.9921144526779350e-01,
       8.8794812010820744e-03, 8.5392404868684362e-03,
       2.2896713972776275e-03, 5.0798047970543311e-02,
       1.2062722969285209e-02, 2.3790262482857821e-01,
       7.1446345052211882e-03, 6.7409645069074799e-03,
       2.1346400134762719e-03, 6.0218834033887308e-02,
       1.0549271038706174e-02, 2.4152582468134159e-01,
       2.1828408769652002e-02, 1.9523637878670400e-02,
       5.8026442442816245e-03, 5.7316342471306576e-02,
       1.3179425988828887e-02, 2.2315318639694279e-01,
       2.1015437423934812e-02, 1.9093336795021749e-02,
       5.2238501454074347e-03, 6.2523531630417531e-02,
       1.3207388669895475e-02, 2.3534977423291606e-01,
