%YAML:1.0
---
cameraMatrixL: !!opencv-matrix
   rows: 3
   cols: 3
   dt: d
   data: [ 8.6871379031898789e+02, 0., 6.5986092638926823e+02, 0.,
       8.6849872738693534e+02, 4.8095516201057143e+02, 0., 0., 1. ]
cameraMatrixR: !!opencv-matrix
   rows: 3
   cols: 3
   dt: d
   data: [ 8.7060513338894543e+02, 0., 6.3524655518606528e+02, 0.,
       8.7100781265435012e+02, 4.8119403645657871e+02, 0., 0., 1. ]
DistorsionCoeffsL: !!opencv-matrix
   rows: 1
   cols: 5
   dt: d
   data: [ -3.1424473611767040e-01, 1.5563835601477408e-01,
       -3.8835175370658824e-04, 5.4454862520010355e-04,
       -4.9576489407366850e-02 ]
DistorsionCoeffsR: !!opencv-matrix
   rows: 1
   cols: 5
   dt: d
   data: [ -3.3034970209304315e-01, 1.9541422393402288e-01,
       -3.8995249268338746e-04, 2.4730422547828541e-04,
       -8.9007058953060741e-02 ]
RotationMatrix: !!opencv-matrix
   rows: 3
   cols: 3
   dt: d
   data: [ 9.9996239972778900e-01, 1.7012247678673076e-03,
       8.5032326165211600e-03, -1.6725395610986229e-03,
       9.9999289103812761e-01, -3.3794207527178596e-03,
       -8.5089213216502646e-03, 3.3650716926292889e-03,
       9.9995813639894215e-01 ]
TranslationMatrix: !!opencv-matrix
   rows: 3
   cols: 1
   dt: d
   data: [ 4.9823678497466020e+00, 2.2064785429786044e-03,
       5.9584170479838099e-02 ]
EssentialMatrix: !!opencv-matrix
   rows: 3
   cols: 3
   dt: d
   data: [ 8.0882130022659485e-05, -5.9576321939756587e-02,
       2.4077461540941820e-03, 1.0197650612782223e-01,
       -1.6664658946855419e-02, -4.9816526118247646e+00,
       -1.0539602915431833e-02, 4.9823286765675769e+00,
       -1.6856279509422235e-02 ]
FundamentalMatrix: !!opencv-matrix
   rows: 3
   cols: 3
   dt: d
   data: [ -2.7449897083422172e-08, 2.0224107156229099e-05,
       -1.0418640276885107e-02, -3.4592937486587861e-05,
       5.6544617818048439e-06, 1.4881455648120678e+00,
       1.9777460265764164e-02, -1.4880477224553896e+00,
       9.9999999999999989e-01 ]
VectorOfRotationVectors: !!opencv-matrix
   rows: 47
   cols: 1
   dt: "3d"
   data: [ 1.0075695842216020e-01, -4.0780249271714875e-01,
       8.6592184288331693e-04, 7.4884372222046011e-02,
       2.6893098903824780e-01, -7.0373184501043096e-03,
       -2.0742457507999360e-01, 2.6317113391626124e-02,
       2.4168286755897633e-02, 3.7350174823641447e-01,
       6.6879834771690433e-02, 2.6146407647206295e-02,
       3.0631496847964162e-01, -3.4293864250371597e-01,
       4.7829790373657186e-02, 8.2762922529686311e-02,
       2.0297270313866767e-01, 2.3168166380365427e-02,
       1.2245588771391944e-01, -3.2569636272937047e-01,
       4.4427069215383537e-03, -4.3180738739164565e-01,
       -4.9426797068153686e-02, 1.0085690360121437e-02,
       3.3882459224574046e-01, -3.1823929577942396e-02,
       4.7613679265513728e-02, 8.8052196958908882e-02,
       -8.3673032016209764e-02, 5.6488389451318136e-02,
       1.8082243057902448e-02, -4.6260730493953323e-02,
       2.0480107137731900e-02, -1.6819325691584402e-01,
       3.5820463507699823e-01, 1.0722769125847641e-01,
       1.4741548046799686e-02, -1.4541002138296708e-01,
       1.5580118527857537e-01, 2.9106619550656906e-02,
       5.3317572891306131e-01, 2.1420327206458026e-01,
       5.7375216065235768e-01, 6.0138281673043259e-01,
       5.1897231169352534e-02, 5.1066223287060464e-01,
       -7.1138131022229434e-02, 1.5054744389772295e-01,
       4.8241564741120713e-01, -2.4595909072008088e-01,
       -2.0421518585904382e-03, 4.7614536736033836e-01,
       3.0729860657334296e-01, 3.6915401189852891e-02,
       8.3088175085870491e-02, -1.4285784277204655e-01,
       -1.9396100557890466e-02, -2.5465703933916517e-01,
       -1.0720762614544098e-01, -1.6278451516878872e-02,
       -1.5392035326277520e-01, -2.4095156203519585e-01,
       -5.4168833701698867e-04, -2.2279357438931496e-01,
       4.1727865050941469e-02, 1.6843609095925599e-01,
       3.8362267382626475e-01, -2.6276416409216352e-01,
       8.1978403000186023e-02, 2.3199622955418336e-01,
       -5.1046048462848137e-01, -5.0830960582577314e-02,
       1.1027779737763782e-01, -4.4110369565425017e-01,
       1.7912852323020514e-01, -1.1071925793616513e-01,
       -2.9609167297620070e-03, 1.4146686126423183e-01,
       -9.0630994699970144e-02, -1.1732159595616844e-01,
       1.2266611668143379e-01, -9.5866826096712848e-02,
       -5.3480199946498197e-01, 7.7604251376094446e-02,
       -1.8667711510333720e-01, 3.0682166616619044e-01,
       1.9724041210111470e-01, 2.9870050107714263e-01,
       -4.6512300383287630e-02, 1.5804166569299746e-01,
       3.8643832103224189e-02, -7.7382630453059792e-02,
       7.5609087141610395e-02, -3.2846912006952894e-01,
       -1.7132581746315895e-01, 1.1285757184026342e-01,
       -1.2041834541883339e-01, 4.5008350235688860e-01,
       2.1622665532016042e-01, -2.4964664822523397e-01,
       3.6403714850518409e-01, -1.7860681787541244e-02,
       -1.9684788610502896e-01, 6.8216109028907124e-02,
       -4.5895841480251824e-02, 2.1209729944018615e-01,
       1.9021399487842414e-01, 5.1717979868603374e-02,
       7.6325832547954123e-02, 1.9765071488476738e-01,
       5.0302370783345950e-02, -3.7501700128413129e-01,
       9.2437193668131690e-02, 5.8098943020449038e-02,
       1.9527020349357388e-01, -3.2423550883323987e-01,
       1.4075290568739662e-01, 1.2188508144752794e-01,
       -1.0555901274323232e-01, 1.0822352495711424e-01,
       -5.9571004040530423e-02, 3.3671381106170289e-01,
       1.8245578323462872e-01, 7.5094404667961898e-02,
       -3.7191729412845398e-01, 3.8128487525852066e-02,
       -3.6034056003244186e-01, -2.9714385944318078e-01,
       1.9950439825227644e-02, 5.5270018436711066e-01,
       -1.5683844313621328e-01, 9.3321220562621585e-02,
       2.5036140021987063e-01, 8.8003153371719933e-02,
       1.7873132140878398e-01, 7.4922165956961065e-02,
       -8.6617172798303291e-02, 2.2486697064907447e-02,
       6.8142777644492197e-02, -9.0665484070004951e-02,
       2.0809537482984534e-02 ]
