%YAML:1.0
---
cameraMatrixL: !!opencv-matrix
   rows: 3
   cols: 3
   dt: d
   data: [ 1., 0., 0., 0., 1., 0., 0., 0., 1. ]
cameraMatrixR: !!opencv-matrix
   rows: 3
   cols: 3
   dt: d
   data: [ 1., 0., 0., 0., 1., 0., 0., 0., 1. ]
DistorsionCoeffsL: !!opencv-matrix
   rows: 1
   cols: 5
   dt: d
   data: [ 0., 0., 0., 0., 0. ]
DistorsionCoeffsR: !!opencv-matrix
   rows: 1
   cols: 5
   dt: d
   data: [ 0., 0., 0., 0., 0. ]
RotationMatrix: !!opencv-matrix
   rows: 3
   cols: 3
   dt: d
   data: [ 9.9994164613890579e-01, -1.0802928212967340e-02,
       -3.2542905963849792e-05, 1.0802928517249998e-02,
       9.9994164662294871e-01, 9.1889711203018045e-06,
       3.2441739180024051e-05, -9.5399935952286285e-06,
       9.9999999942826101e-01 ]
TranslationMatrix: !!opencv-matrix
   rows: 3
   cols: 1
   dt: d
   data: [ 4.7227086554421573e+00, -1.7097062140755878e-01,
       -2.6499864405918501e-04 ]
EssentialMatrix: !!opencv-matrix
   rows: 3
   cols: 3
   dt: d
   data: [ -2.6838228982111067e-06, 2.6661423912659052e-04,
       -1.7097061887474332e-01, -4.1819606278821594e-04,
       4.7917371653354050e-05, -4.7227086441181747e+00,
       2.2197972862420545e-01, 4.7205860860936903e+00,
       3.7832952589410204e-05 ]
FundamentalMatrix: !!opencv-matrix
   rows: 3
   cols: 3
   dt: d
   data: [ -7.0938764080558006e-02, 7.0471433202709726e+00,
       -4.5190926737925174e+03, -1.1053751667938096e+01,
       1.2665512040095588e+00, -1.2483055962806627e+05,
       5.8673646498935859e+03, 1.2477445620818467e+05, 1. ]
VectorOfRotationVectors: !!opencv-matrix
   rows: 47
   cols: 1
   dt: "3d"
   data: [ -5.0226344340451379e-05, -1.3644521038108371e-04,
       6.6314739242021012e-02, -9.5589409774088958e-06,
       7.7756289335376003e-06, -1.9797303857054194e-02,
       -3.0632175405874518e-05, 2.0816821379393404e-05,
       1.9112169195529844e-02, 5.4142903444281521e-05,
       2.2482331674422521e-05, 1.7706960967768477e-02,
       6.6207547500898295e-05, -1.4777297945703808e-04,
       7.7689159545703379e-02, 2.8528254962326382e-06,
       2.8059466408387633e-05, 3.1243149483523400e-02,
       8.1970450323418911e-05, -1.1124913469581303e-04,
       -1.1215492884739517e-02, -1.2795109024673087e-05,
       6.0618995792444416e-06, 1.5439543154884053e-03,
       1.7819033111884247e-04, 2.9025318055664428e-05,
       -8.4459388713191089e-03, 3.8485870916344245e-05,
       -1.7754395975949787e-05, 4.8485542159878693e-02,
       3.4672720616996708e-06, -4.5579927816526291e-05,
       3.4017608350895776e-02, 8.3821864630423454e-06,
       3.8502696773068769e-06, 8.7951031174380162e-02,
       -9.4031502174749993e-05, -7.4539135955044747e-05,
       2.2526153741972804e-01, 2.4797307803276567e-05,
       1.4871718889427640e-06, 1.3975739501840975e-01,
       -8.8309138164068928e-05, 1.1984550771010860e-05,
       1.1706279204514197e-01, 6.8483890029281654e-05,
       -5.7789791327633525e-05, 2.1371278875828512e-01,
       6.9154418410912426e-05, 1.0136858311448661e-04,
       -5.9169161144971207e-02, -2.2066373311991041e-04,
       -7.9011885277384094e-05, -2.1531358037943617e-02,
       8.5583194865996383e-05, 1.3117300376456375e-04,
       -5.9663649902678043e-02, 2.8247899249422777e-04,
       1.2929554278340663e-04, -4.3748936371178777e-02,
       -1.4030627450917107e-04, 1.0147018548004649e-04,
       -8.7103794668720626e-03, -1.6122304302496404e-04,
       7.6620990820228061e-06, 2.3310232544768369e-01,
       9.0073344587310498e-05, 3.0512716367729441e-04,
       -1.4250819990927494e-01, 4.2409379199439000e-05,
       5.1588497369412977e-05, -1.7568854808898085e-01,
       1.4653859595303964e-05, 7.2920660836996696e-05,
       8.6588685273211896e-02, -8.3969452527933239e-05,
       6.7537197043260547e-05, 1.5107059397559941e-01,
       2.6467241667203965e-05, 1.5779160860709965e-05,
       9.8347613349326651e-02, -1.3305127867723746e-05,
       -1.5208925506692361e-04, 7.8966603644375619e-02,
       -2.3827507576294293e-05, -1.6657908851972851e-05,
       2.5325560552392234e-01, 1.6773038321625519e-04,
       7.1915618875964898e-05, 7.9869124787758941e-02,
       6.4480140367819479e-05, -8.9967048985116420e-05,
       7.5857519958337449e-02, -7.7394043829604495e-05,
       -1.1177131079442164e-04, 1.2702422817309242e-01,
       8.5505330048578856e-06, -8.9728551339399244e-06,
       2.3545407809680508e-01, 1.4245554692996271e-05,
       -6.1827583210902999e-06, -1.9254520821832679e-02,
       9.3471888700719806e-06, -3.6423369225130240e-05,
       -5.4195147535590446e-02, 1.0833600200341709e-04,
       1.5513209559918165e-06, 6.1864563455534753e-02,
       -3.5639687772399532e-06, -1.4319580976081325e-05,
       6.6097566289473067e-02, -6.1499725509525451e-05,
       7.3053270618939916e-06, 2.9215185644806047e-02,
       1.3227249061559007e-05, -2.1900391139102336e-04,
       2.2246082164170153e-01, 1.1859629143420596e-05,
       -4.4502779651786567e-05, 1.2489456211196515e-01,
       1.1514497230070948e-05, -1.3326894996961216e-05,
       1.7090383902774559e-01, -1.5394860248850065e-05,
       -1.0942930924131287e-04, 7.2338677037803820e-02,
       -1.0679133679866364e-04, -6.8246844017533508e-06,
       6.7111531675671007e-02, 2.2399165012927067e-04,
       3.2077342303150188e-06, 3.4762834309496858e-02,
       2.2948746627555030e-05, 8.2943552239636902e-06,
       1.8118990317009995e-01, -7.4751255342865041e-06,
       -3.1146486173058778e-05, 3.4006618465734439e-02,
       -1.1456156125312431e-05, -3.1358735010132422e-05,
       3.3517572771252301e-02 ]
