%YAML:1.0
---
cameraMatrix: !!opencv-matrix
   rows: 3
   cols: 3
   dt: d
   data: [ 2.0705086896665121e+03, 0., 4.7950000000000000e+02, 0.,
       2.0695963477967025e+03, 6.3950000000000000e+02, 0., 0., 1. ]
distCoeffs: !!opencv-matrix
   rows: 1
   cols: 5
   dt: d
   data: [ -3.2449110858100194e-01, -1.6479745827935413e+00,
       -1.2357543614008940e-02, 4.6552875957186698e-03,
       1.1654867014207083e+01 ]
PerViewErrors: !!opencv-matrix
   rows: 27
   cols: 1
   dt: d
   data: [ 5.5303984769893444e-01, 3.6187941865254214e-01,
       5.0578562480670541e-01, 4.2585379862758954e-01,
       6.5044640855418889e-01, 5.0175070069388183e-01,
       5.0949445290950901e-01, 4.9981046326278739e-01,
       3.5485845720239340e-01, 3.6057688908983909e-01,
       3.3525247881892867e-01, 4.0833537118925656e-01,
       3.9637585176249407e-01, 6.6472590988571156e-01,
       5.4404170077603109e-01, 5.2497101845258698e-01,
       5.1304130147928195e-01, 3.4579424001944364e-01,
       3.4663171767654499e-01, 4.0065786995475838e-01,
       6.2988958229641268e-01, 3.4104572160786667e-01,
       3.5454882415315864e-01, 4.4650628868714143e-01,
       5.2059613042210662e-01, 3.1430496450302964e-01,
       3.2712400788025336e-01 ]
STDIntrinsics: !!opencv-matrix
   rows: 18
   cols: 1
   dt: d
   data: [ 2.2560314791116177e+01, 2.1020512148211377e+01, 0., 0.,
       3.8512371391138146e-02, 9.0578854499293326e-01,
       1.5099851352200187e-03, 1.0877001665606277e-03,
       5.9067203893498936e+00, 0., 0., 0., 0., 0., 0., 0., 0., 0. ]
STDExtrinsics: !!opencv-matrix
   rows: 162
   cols: 1
   dt: d
   data: [ 6.8583144737192391e-03, 6.4707408520007685e-03,
       8.0641411454925916e-04, 4.7896615589599883e-03,
       9.8825514195918611e-03, 3.4544440719948527e-01,
       6.4806938466459895e-03, 5.8672636197171146e-03,
       9.9899981314964547e-04, 4.2795442390904650e-03,
       5.9573491920572779e-03, 3.6242100110981956e-01,
       3.6339648966805483e-03, 4.0074079848835369e-03,
       8.6888723174242282e-04, 4.0891472777700652e-03,
       2.8102311040233119e-03, 3.3097112586975203e-01,
       4.4416427193586802e-03, 5.5518832890638550e-03,
       7.7396840380883542e-04, 4.4022728080358375e-03,
       2.9125081353598530e-03, 3.2452978305623492e-01,
       5.5447521593905676e-03, 4.3032990766839101e-03,
       8.2072498182390137e-04, 2.4443075991348894e-03,
       3.1263994219248928e-03, 3.4021218901459577e-01,
       3.6513507716395121e-03, 4.3050127650335508e-03,
       8.5033590943316747e-04, 5.2583700476848908e-03,
       3.0627617406504119e-03, 3.3421312767808475e-01,
       3.5067133348965752e-03, 4.2614743920884515e-03,
       7.9216381716974140e-04, 1.0241059383606137e-02,
       3.4614952230139261e-03, 3.3968452266194288e-01,
       3.6095498861525225e-03, 4.3759816536834781e-03,
       7.8480347129587552e-04, 1.1315546662026568e-02,
       3.6106060759428368e-03, 3.4195983324059825e-01,
       7.5750577422488176e-03, 6.9350560815173729e-03,
       8.0104798927497188e-04, 5.0886893162551995e-03,
       4.1596218333035265e-03, 3.6661807000775337e-01,
       8.1410328325113961e-03, 7.3103481804938425e-03,
       7.9959003264553860e-04, 4.7134452262146522e-03,
       4.1785609968513207e-03, 3.6638499181849521e-01,
       8.9579798239240501e-03, 8.4993208243935095e-03,
       1.3730852004711989e-03, 1.1257665272926232e-02,
       1.3173730468594018e-02, 3.4135787950118396e-01,
       5.0769128819380784e-03, 5.6807088431256097e-03,
       9.5171201709985523e-04, 1.2156327123256183e-02,
       3.6517149738989180e-03, 3.3224306841423751e-01,
       5.3538362759352510e-03, 5.9747016176498156e-03,
       9.6572468602733753e-04, 1.2514720971535694e-02,
       3.7078571900268499e-03, 3.3282380562644309e-01,
       4.5148568695120069e-03, 3.7908920002735669e-03,
       8.7386845724590463e-04, 2.8753591762433008e-03,
       3.4761904214540675e-03, 3.4630608974234095e-01,
       3.9881443214808453e-03, 4.5138427347314151e-03,
       7.3060936111825434e-04, 7.6418312584716642e-03,
       2.8762928839058681e-03, 3.2753698525831582e-01,
       3.2259471661822874e-03, 3.8411868694855017e-03,
       7.6886061808519209e-04, 1.0064213936905283e-02,
       3.5960677508650087e-03, 3.3362659977027498e-01,
       3.2090425734014475e-03, 3.7873348550548059e-03,
       7.8445466442169515e-04, 9.8327351433788075e-03,
       3.8321564438911601e-03, 3.3876927275624164e-01,
       6.0982255826024893e-03, 6.2995603394999187e-03,
       9.6518899078216179e-04, 1.1579081721928198e-02,
       4.1848852159044976e-03, 3.3547434345155164e-01,
       5.6331485216663552e-03, 5.7047384924066745e-03,
       9.6803852100864113e-04, 1.2274706142049134e-02,
       3.7243951628618591e-03, 3.3259269017877818e-01,
       4.6186947892997978e-03, 4.4702728415669107e-03,
       1.0299154678751568e-03, 7.2520360166137060e-03,
       9.3648154357345997e-03, 3.7014450055938436e-01,
       4.9057903363501545e-03, 4.1253440984481606e-03,
       7.6278009156134999e-04, 2.2905491089625376e-03,
       4.3711572237184609e-03, 3.4313261337634543e-01,
       7.8084892584294055e-03, 7.6049573361055634e-03,
       1.0560119060341211e-03, 5.0303227265656239e-03,
       1.1930512815166756e-02, 3.2917094713125089e-01,
       7.4613089480898027e-03, 7.2878600272355759e-03,
       1.0039073878307782e-03, 3.8786731786180453e-03,
       1.1814236467465223e-02, 3.3392047453700496e-01,
       4.5995531554421220e-03, 4.4577401787739184e-03,
       1.0172169067017454e-03, 4.8672295295291894e-03,
       9.9928897565122327e-03, 3.4166202127108197e-01,
       4.7776462615104313e-03, 4.7574983063939907e-03,
       8.1660054612785996e-04, 4.0133316187770263e-03,
       4.5837408203879895e-03, 3.2833986962808948e-01,
       1.1626723194393378e-02, 1.0593788190358205e-02,
       8.7572134372046267e-04, 2.9118853969364671e-03,
       7.5277776401408468e-03, 3.3029500177832760e-01,
       6.8420373605691427e-03, 6.0012866135903190e-03,
       1.0093017994475984e-03, 4.1437411008069360e-03,
       6.4123141074193431e-03, 3.6726293441357005e-01 ]
