%YAML:1.0
---
cameraMatrix: !!opencv-matrix
   rows: 3
   cols: 3
   dt: d
   data: [ 2.0767786210987197e+03, 0., 4.7950000000000000e+02, 0.,
       2.0663382304580473e+03, 6.3950000000000000e+02, 0., 0., 1. ]
distCoeffs: !!opencv-matrix
   rows: 1
   cols: 5
   dt: d
   data: [ -4.1849325158418293e-01, 4.1380667065592747e-01,
       -8.2708448843721964e-03, 5.4654097486846378e-03,
       -8.8706369613515224e-01 ]
PerViewErrors: !!opencv-matrix
   rows: 27
   cols: 1
   dt: d
   data: [ 4.7985792677824218e-01, 2.8711406366757625e-01,
       4.0285228353483071e-01, 5.0397926399691795e-01,
       5.9178602010189008e-01, 4.1695930298991057e-01,
       4.3507492054278368e-01, 4.2873864260203481e-01,
       3.2391193515167183e-01, 3.2308665808297710e-01,
       3.8410578360501502e-01, 5.0479701742597249e-01,
       4.9047707610302166e-01, 6.3571834611812528e-01,
       4.8174158574402853e-01, 4.3201401702629505e-01,
       4.1675658065567023e-01, 4.3490899865441440e-01,
       4.4869070110094261e-01, 4.0611575391510962e-01,
       5.9284312826691110e-01, 4.1936006793742375e-01,
       4.1937647523687011e-01, 3.6365773643106802e-01,
       4.2376603393373202e-01, 3.9462403182216887e-01,
       2.9601231552308876e-01 ]
STDIntrinsics: !!opencv-matrix
   rows: 18
   cols: 1
   dt: d
   data: [ 2.0661521224296759e+01, 1.9217416357587364e+01, 0., 0.,
       2.7119633768909503e-02, 2.0433640745564666e-01,
       1.0058629534038591e-03, 1.8864569631476568e-03,
       6.5032983603331529e-01, 0., 0., 0., 0., 0., 0., 0., 0., 0. ]
STDExtrinsics: !!opencv-matrix
   rows: 162
   cols: 1
   dt: d
   data: [ 1.2577692726828614e-02, 8.5090284835283355e-03,
       1.1058137824718065e-03, 4.0960291723717091e-03,
       1.4389954129941797e-02, 3.2224746638991214e-01,
       8.2620465278578897e-03, 7.5179397428389002e-03,
       1.4803621842171164e-03, 8.7778595701500702e-03,
       6.1073167222866166e-03, 3.3165916827583586e-01,
       6.4866511693023573e-03, 5.8514501401542851e-03,
       1.3244106574536133e-03, 9.8337753704960344e-03,
       2.8825511878113950e-03, 3.0664883882375493e-01,
       3.4505531690027435e-03, 4.5972194189519630e-03,
       7.1206665275425302e-04, 9.8508583224156954e-03,
       2.7409071049335596e-03, 3.0122356689712437e-01,
       4.7829714418299880e-03, 5.2716776573752148e-03,
       9.7070930588028230e-04, 6.4520959689482052e-03,
       3.1548869349387813e-03, 3.0349652098605961e-01,
       6.3257698885058914e-03, 5.9991173261639726e-03,
       1.2133171329381184e-03, 8.3421069997957290e-03,
       2.8019193309978085e-03, 3.0986527460148117e-01,
       4.7339443641987496e-03, 5.1800177144866481e-03,
       9.3511840718902607e-04, 4.1814724641821323e-03,
       2.8964130359540484e-03, 3.0889629964212634e-01,
       4.6696935587852819e-03, 5.2454288603779086e-03,
       9.0414710747422483e-04, 3.9166476800694848e-03,
       2.8912335976345859e-03, 3.0991510305324332e-01,
       7.7818431553736776e-03, 6.3754686251334689e-03,
       8.1097206835129497e-04, 3.8349774594417622e-03,
       3.5942150346224538e-03, 3.2988660990228275e-01,
       7.9389252150722789e-03, 6.5859346893581651e-03,
       7.9584528694380660e-04, 3.7974742054174638e-03,
       3.5780970573446730e-03, 3.2839850173000107e-01,
       5.1694716918498397e-03, 5.5584927264179474e-03,
       9.2152885812178740e-04, 4.4140427429907063e-03,
       1.3580813771848060e-02, 3.1246448818215600e-01,
       3.3452933991447403e-03, 4.0729500643762661e-03,
       7.3575725356429724e-04, 3.4838260485760709e-03,
       3.2201367023597881e-03, 3.0166244296815758e-01,
       3.4459839727438847e-03, 4.1993673257972276e-03,
       7.3769432701547785e-04, 3.3815277127146729e-03,
       3.2580691936552127e-03, 3.0221846261761898e-01,
       4.3303518378443855e-03, 3.8422277005951155e-03,
       8.6106098670035854e-04, 3.4773074659425088e-03,
       3.1333163407343905e-03, 3.1290778363747068e-01,
       6.0042412627210528e-03, 5.8244846712006745e-03,
       8.9582336723099129e-04, 4.0064058330916644e-03,
       3.2571409709616851e-03, 2.9949032022761385e-01,
       4.2978293813809212e-03, 4.5384894156218058e-03,
       8.9295631597369337e-04, 3.8808888133301648e-03,
       3.3159117198452779e-03, 3.0027863095365059e-01,
       4.2997570419980608e-03, 4.4548668329485982e-03,
       9.1995253592033028e-04, 4.0257110609936654e-03,
       3.6288737606351021e-03, 3.0556973695289258e-01,
       3.6924029735519981e-03, 4.4680200335820448e-03,
       7.2417291273320133e-04, 3.3953138652883367e-03,
       3.8735259029195092e-03, 3.0332668869163648e-01,
       3.4311915778591474e-03, 4.2071118410254944e-03,
       7.2619418257549432e-04, 3.1147792268965430e-03,
       3.4440735250687851e-03, 3.0033200472068505e-01,
       5.3307441762102583e-03, 4.6764478963368210e-03,
       1.1297917816549881e-03, 5.0821412714888844e-03,
       9.5537424602167350e-03, 3.3617809604737409e-01,
       5.0683232127422600e-03, 4.3530149835652029e-03,
       8.1124562169505312e-04, 3.7695813111052160e-03,
       5.1596159744004061e-03, 3.0973245702131480e-01,
       4.8558054326474972e-03, 5.3885608667791525e-03,
       8.7332048476354064e-04, 8.7838297817648351e-03,
       1.1783668152741613e-02, 3.0299471839932635e-01,
       4.7683443591266701e-03, 5.3277035684020238e-03,
       8.7877192380874237e-04, 1.0300284288432212e-02,
       1.1594625574100228e-02, 3.0790115027655229e-01,
       6.8114974892987653e-03, 6.7076411034887855e-03,
       1.5658806994552678e-03, 8.3286261547611332e-03,
       9.2116962704313701e-03, 3.1256978455473949e-01,
       9.1503396440957892e-03, 7.3763482690625114e-03,
       1.4914602932908133e-03, 7.9288029625268139e-03,
       6.5605477778844694e-03, 3.0773924943842790e-01,
       5.8367765319334731e-03, 6.6397502272584966e-03,
       8.1449412597340448e-04, 1.0097884239239298e-02,
       7.3740670042500610e-03, 2.9953332732605076e-01,
       7.5880638819127945e-03, 7.2281164917649011e-03,
       1.3799349668644507e-03, 9.1720317320494460e-03,
       6.2654671481282139e-03, 3.3306520406372786e-01 ]
