%YAML:1.0
---
cameraMatrixL: !!opencv-matrix
   rows: 3
   cols: 3
   dt: d
   data: [ 2.0519136036925506e+03, 0., 6.5716809716618218e+02, 0.,
       2.0566412393582068e+03, 4.4320871741205116e+02, 0., 0., 1. ]
cameraMatrixR: !!opencv-matrix
   rows: 3
   cols: 3
   dt: d
   data: [ 2.0474845700731239e+03, 0., 6.4799293138994358e+02, 0.,
       2.0533740555525046e+03, 4.6177630103302999e+02, 0., 0., 1. ]
DistorsionCoeffsL: !!opencv-matrix
   rows: 1
   cols: 5
   dt: d
   data: [ -3.4576218288562466e-01, -4.5986732904040019e-02, 0., 0.,
       2.3325828111133978e-01 ]
DistorsionCoeffsR: !!opencv-matrix
   rows: 1
   cols: 5
   dt: d
   data: [ -3.2627874276622371e-01, -7.8987576910254453e-01, 0., 0.,
       5.4693703377256462e+00 ]
RotationMatrix: !!opencv-matrix
   rows: 3
   cols: 3
   dt: d
   data: [ 9.9995952683568168e-01, 6.3362019736500014e-03,
       6.3872713351353031e-03, -6.2329973647436568e-03,
       9.9985175790677316e-01, -1.6050294532702715e-02,
       -6.4880223805583413e-03, 1.6009833081094937e-02,
       9.9985078427248575e-01 ]
TranslationMatrix: !!opencv-matrix
   rows: 3
   cols: 1
   dt: d
   data: [ 5.9635506892149799e+00, -6.8568526715439726e-02,
       7.1746069828505607e-02 ]
EssentialMatrix: !!opencv-matrix
   rows: 3
   cols: 3
   dt: d
   data: [ 8.9206720010347532e-04, -7.2833204708264210e-02,
       -6.7406749660529924e-02, 1.1043481637725315e-01,
       -9.5020853515731488e-02, -5.9622025720450962e+00,
       3.1394955799798716e-02, 5.9631011040120505e+00,
       -9.5278779237420716e-02 ]
FundamentalMatrix: !!opencv-matrix
   rows: 3
   cols: 3
   dt: d
   data: [ -7.1337060192611935e-09, 5.8109560015820898e-07,
       8.5320499148196477e-04, -8.8059500422003467e-07,
       7.5594406521960886e-07, 9.7795618528558698e-02,
       -1.0278096734235718e-04, -9.8137290452615933e-02,
       9.9999999999999989e-01 ]
VectorOfRotationVectors: !!opencv-matrix
   rows: 27
   cols: 1
   dt: "3d"
   data: [ 2.8328952972633653e-01, 1.6798855699390984e-02,
       6.7955005196344620e-02, -2.1239671177753749e-01,
       1.6630078078985608e-01, 1.6044552414249701e-02,
       -1.1337699931541488e-01, 4.1406757792602239e-01,
       -5.0859586957646328e-04, -1.2793999175231771e-01,
       -4.0386563564265449e-01, 7.6780192293737379e-02,
       2.1387724945056014e-01, -4.5411560094220892e-02,
       -1.3241004830848583e-02, -9.8765941465899357e-02,
       3.7100945023180543e-01, 4.0979671175977138e-02,
       -9.6510404834039887e-02, 3.2352024823183556e-01,
       7.2996206338924322e-03, -9.9983396095247257e-02,
       3.0521330888910869e-01, 6.1801162746971446e-03,
       -3.6820870769050484e-01, -3.7640620090767289e-02,
       4.3899587267711510e-02, -3.5861945125208899e-01,
       -5.0577131124516318e-02, 3.7813111108537391e-02,
       1.5382871600609362e-02, -3.1421834741252924e-01,
       -2.1379541130133275e-03, -2.1577893388284166e-02,
       -4.6421161200504896e-01, 4.5977384571810810e-02,
       -2.6566887686827478e-02, -4.5108613138099068e-01,
       2.2881590740569904e-02, 2.8078029647810271e-01,
       -5.9273772511639872e-02, 5.2777350894810601e-02,
       9.3350691635303462e-02, 2.2659071207783724e-01,
       6.5389762250811653e-02, -5.8107157040652481e-02,
       3.5396192381155561e-01, 4.7338577423124091e-02,
       -1.1537253142962463e-01, 3.6334126725113786e-01,
       6.0915599306555573e-02, -1.8918629482900177e-02,
       -4.1644889696452853e-01, 3.8039773472442515e-02,
       -4.6395905277234209e-02, -4.5632533206255727e-01,
       -7.5417659378009136e-02, -2.8730685135715972e-01,
       6.3982250285916475e-02, 2.7151851961328757e-03,
       3.0132348669119902e-01, -2.3089797216249135e-02,
       -8.6741993886042795e-03, 3.1506735972423761e-02,
       -2.6546755184980708e-01, 2.8942671268767286e-02,
       3.1267422792291444e-02, -2.7335656136960285e-01,
       3.6325634913838535e-02, 2.4969377432960634e-04,
       3.5484675006532779e-01, 6.4575136181041007e-02,
       1.5324229219547941e-01, 2.7593067438954427e-01,
       -3.3842679383904305e-02, 3.1270210497779477e-02,
       -1.5280223102488399e-01, 2.0232283602985773e-02,
       -2.3416733835723311e-01, 1.1942564891975754e-01,
       3.8748557086808195e-02 ]
VectorOfTranslationVectors: !!opencv-matrix
   rows: 27
   cols: 1
   dt: "3d"
   data: [ -8.5681298267589092e+00, -4.7344637645155592e+00,
       3.0296148406819814e+01, -3.8855356978630962e+00,
       -1.2573446575990759e+00, 3.3759313363642860e+01,
       -3.7757209557920559e+00, 1.4485000329871836e+00,
       3.3043786219212429e+01, -4.3073098355826529e+00,
       2.1122618117509564e+00, 3.0998524845299244e+01,
       -4.8318049748622975e+00, 2.9500893788513225e+00,
       2.9791158140410577e+01, -5.1058115561796447e+00,
       2.6688646248313712e+00, 3.3201726514493330e+01,
       -8.4350726527399509e+00, 2.9032642065830458e+00,
       3.3293559993021397e+01, -9.1077728086470700e+00,
       2.8787431969527519e+00, 3.3329718402624728e+01,
       -8.8980647897778198e+00, 2.6849537616577237e+00,
       3.3673235744516546e+01, -8.9016487787521310e+00,
       2.8052384934686674e+00, 3.3568874591620087e+01,
       -8.4133401236150789e+00, -4.8807543182649384e+00,
       3.0712789798657496e+01, -7.9688107676652971e+00,
       2.8568513279611221e+00, 3.0742036097567510e+01,
       -8.1268811955432962e+00, 2.9071797315144186e+00,
       3.0854129218240882e+01, -8.1688370880441870e+00,
       3.2226535803816203e+00, 3.0161822729134808e+01,
       -8.3161312605038784e+00, -1.2026818903292354e-01,
       3.0867657067098463e+01, -8.4847455810126053e+00,
       -2.1254364549049912e-01, 3.2508692628289204e+01,
       -8.2231931682833572e+00, -1.8121607056899713e-01,
       3.3165583892542585e+01, -8.0936381660621688e+00,
       1.9439985839077054e-01, 3.1170628125200206e+01,
       -8.5890921193000214e+00, 5.5168301560079369e-01,
       3.0853043821500236e+01, -9.1631211710078251e+00,
       -4.7364488901848150e+00, 3.3280498475371310e+01,
       -7.7332899165075837e+00, 7.1108212410210137e-01,
       3.0035432367184633e+01, -5.0686905993985940e+00,
       -4.5741004717472507e+00, 3.0334217241716626e+01,
       -4.2405771036382305e+00, -4.4732132112746239e+00,
       3.0804122137904656e+01, -3.7382849164491709e+00,
       -4.7880574156830100e+00, 3.2393530110217121e+01,
       -4.6540738237590888e+00, -2.0219377947294874e+00,
       3.1018485339241671e+01, -4.1563687499246207e+00,
       -2.0651279840239654e+00, 3.0729844534505773e+01,
       -3.9197804423670335e+00, -1.4046975655870113e+00,
       3.3872907293651693e+01 ]
