%YAML:1.0
---
cameraMatrixL: !!opencv-matrix
   rows: 3
   cols: 3
   dt: d
   data: [ 8.6363443128784081e+02, 0., 6.5542369726604375e+02, 0.,
       8.6389682102621055e+02, 4.7388390670791262e+02, 0., 0., 1. ]
cameraMatrixR: !!opencv-matrix
   rows: 3
   cols: 3
   dt: d
   data: [ 8.6636636273173076e+02, 0., 6.3418940603935471e+02, 0.,
       8.6684734328875697e+02, 4.7582401582537005e+02, 0., 0., 1. ]
DistorsionCoeffsL: !!opencv-matrix
   rows: 1
   cols: 5
   dt: d
   data: [ -3.0127268087077524e-01, 1.1998176615249838e-01, 0., 0.,
       -2.1402736921046477e-02 ]
DistorsionCoeffsR: !!opencv-matrix
   rows: 1
   cols: 5
   dt: d
   data: [ -3.2650415274831318e-01, 1.8949585942710390e-01, 0., 0.,
       -8.4275462669034504e-02 ]
RotationMatrix: !!opencv-matrix
   rows: 3
   cols: 3
   dt: d
   data: [ 9.9998870437521747e-01, 1.1242699392490030e-03,
       4.6181315569779431e-03, -1.0993533782250819e-03,
       9.9998484594580461e-01, -5.3943767846853117e-03,
       -4.6241263092220543e-03, 5.3892388933009629e-03,
       9.9997478646215243e-01 ]
TranslationMatrix: !!opencv-matrix
   rows: 3
   cols: 1
   dt: d
   data: [ 4.9817426988947675e+00, 3.8579326718287742e-03,
       4.9979739940265923e-02 ]
EssentialMatrix: !!opencv-matrix
   rows: 3
   cols: 3
   dt: d
   data: [ 3.7105827979131625e-05, -4.9958191223775442e-02,
       4.1274449485357197e-03, 7.3015382867611001e-02,
       -2.6791610790115467e-02, -4.9813862785224545e+00,
       -9.3345847595469756e-03, 4.9816628679381898e+00,
       -2.6891213602809952e-02 ]
FundamentalMatrix: !!opencv-matrix
   rows: 3
   cols: 3
   dt: d
   data: [ -2.6348000392260574e-09, 3.5463395288698919e-06,
       -1.9319406727119524e-03, -5.1817786926351344e-06,
       1.9007779793570434e-06, 3.0780806670833138e-01,
       3.0415371847982019e-03, -3.0952580483972625e-01, 1. ]
VectorOfRotationVectors: !!opencv-matrix
   rows: 47
   cols: 1
   dt: "3d"
   data: [ 9.4422981333574865e-02, -4.0141291258062128e-01,
       1.8666860184086674e-03, 6.7186481303088116e-02,
       2.7277056912589737e-01, -8.1185403804657028e-03,
       -2.1446525014956355e-01, 3.2615464210382979e-02,
       2.4797215870042626e-02, 3.6599144251693083e-01,
       7.2376298969653530e-02, 2.4767397554621626e-02,
       2.9937883508408669e-01, -3.3626171461223076e-01,
       4.8175988890009513e-02, 7.7150159764070664e-02,
       2.0802596416405678e-01, 2.1735634995460013e-02,
       1.1466231667346870e-01, -3.1916136155185015e-01,
       4.9070087232439127e-03, -4.3898116845892543e-01,
       -4.3958802933195609e-02, 1.1042705837283213e-02,
       3.3132126534549361e-01, -2.5446413160930340e-02,
       4.6234367279880832e-02, 8.1785293424258915e-02,
       -7.7392721658473440e-02, 5.6249115358632931e-02,
       1.0939888398736230e-02, -3.9935561025732584e-02,
       2.0896408754061915e-02, -1.7621902943873374e-01,
       3.6272633700074380e-01, 1.0681074249372022e-01,
       7.3805669940408278e-03, -1.3657297329986356e-01,
       1.5747498922588893e-01, 2.1898804366893402e-02,
       5.3641307103425984e-01, 2.1309921526825831e-01,
       5.6746754437939695e-01, 6.0486589565618276e-01,
       4.8884698953401522e-02, 5.0484787625012051e-01,
       -6.1230914380309628e-02, 1.5045452633543618e-01,
       4.7432654755336368e-01, -2.4382140304911820e-01,
       -3.5210438131056438e-03, 4.6799050034997008e-01,
       3.1021260323978389e-01, 3.3846376016938719e-02,
       7.6043545435375615e-02, -1.3788595998986869e-01,
       -2.0090088144901996e-02, -2.6072286476917106e-01,
       -1.0251590688182007e-01, -1.6450749012308655e-02,
       -1.5919867599650672e-01, -2.3507901848532747e-01,
       -7.8317635655763109e-04, -2.2850756965905430e-01,
       4.7012860791467062e-02, 1.6708025414602906e-01,
       3.7366881024876825e-01, -2.5640120628608204e-01,
       7.9568964676409559e-02, 2.2148990338043834e-01,
       -5.0600596360404027e-01, -5.1546377005233360e-02,
       1.0041807555994810e-01, -4.3524822583186124e-01,
       1.7863418445273438e-01, -1.1623431827661714e-01,
       3.7936221077879851e-03, 1.4021413223130277e-01,
       -9.5150507439428586e-02, -1.0878982773439821e-01,
       1.2234693844547055e-01, -1.0553319983450865e-01,
       -5.2906924374400777e-01, 7.9372162017181586e-02,
       -1.9165476169870826e-01, 3.1256682020231263e-01,
       1.9548185403559243e-01, 2.9159624539852996e-01,
       -3.9517763775767850e-02, 1.5648357714218239e-01,
       3.1342975730939950e-02, -7.0871968504826854e-02,
       7.6179524596013307e-02, -3.3676111714770390e-01,
       -1.6367576114641305e-01, 1.1500586308964393e-01,
       -1.2833372289043965e-01, 4.5556280484929523e-01,
       2.1530629452151995e-01, -2.5902373330376227e-01,
       3.6966025101359290e-01, -1.8179723298515270e-02,
       -2.0433608511000861e-01, 7.5140159233701528e-02,
       -4.5547182437864639e-02, 2.0520177011472096e-01,
       1.9665522820148645e-01, 5.0263137819439335e-02,
       6.8401514378630804e-02, 2.0596428553508669e-01,
       5.0231854976529607e-02, -3.8268221279864223e-01,
       1.0008597413621850e-01, 5.9981982128011868e-02,
       1.8808369712963732e-01, -3.1602919471106339e-01,
       1.4228624138215135e-01, 1.1396829800711898e-01,
       -9.8860139570514718e-02, 1.0851445032919411e-01,
       -6.7368276397203913e-02, 3.4026973300371111e-01,
       1.8147773233390463e-01, 6.7316042973632195e-02,
       -3.6573404742701321e-01, 3.9152413748679511e-02,
       -3.6830017229474415e-01, -2.9132946966835338e-01,
       2.1965847125880098e-02, 5.4502076856467430e-01,
       -1.5095261586588110e-01, 9.2274829921152643e-02,
       2.4359630424841799e-01, 9.3461223073793009e-02,
       1.7763479261603457e-01, 6.9164532774484463e-02,
       -8.0128368221667759e-02, 2.2271540892796104e-02,
       6.2433352352258810e-02, -8.4183078039922130e-02,
       2.0638175182393931e-02 ]
