%YAML:1.0
---
cameraMatrixL: !!opencv-matrix
   rows: 3
   cols: 3
   dt: d
   data: [ 1.7907270543374964e+03, 0., 4.5374283073679345e+02, 0.,
       1.8132439035417435e+03, 5.4779762764259658e+02, 0., 0., 1. ]
cameraMatrixR: !!opencv-matrix
   rows: 3
   cols: 3
   dt: d
   data: [ 3.1200602657151849e+03, 0., 5.8604875406414328e+02, 0.,
       3.1020173416958646e+03, 6.3134126735003110e+02, 0., 0., 1. ]
DistorsionCoeffsL: !!opencv-matrix
   rows: 1
   cols: 5
   dt: d
   data: [ -2.6033426721296454e-01, -1.5619413262530433e+00,
       -1.5600617690317765e-02, 5.4856829177083892e-02,
       6.8313527426582663e+00 ]
DistorsionCoeffsR: !!opencv-matrix
   rows: 1
   cols: 5
   dt: d
   data: [ -5.1576586398559665e-01, -3.7853172951935527e+01,
       -4.7931691607284208e-02, 1.6883839482949473e-02,
       9.8590340161846336e+02 ]
RotationMatrix: !!opencv-matrix
   rows: 3
   cols: 3
   dt: d
   data: [ 9.9325844943174391e-01, -3.6378859390948245e-03,
       1.1586379252528388e-01, 5.1134001161766505e-03,
       9.9990954294854062e-01, -1.2440219439079315e-02,
       -1.1580805572886448e-01, 1.2948811000810015e-02,
       9.9318720416745476e-01 ]
TranslationMatrix: !!opencv-matrix
   rows: 3
   cols: 1
   dt: d
   data: [ -1.2955015019980499e+01, -1.0510103922349920e+00,
       2.3248534397393779e+01 ]
EssentialMatrix: !!opencv-matrix
   rows: 3
   cols: 3
   dt: d
   data: [ 2.8364115869954618e-03, -2.3260040738450375e+01,
       -7.5463320347424956e-01, 2.1591508125713730e+01,
       8.3176524617541256e-02, 1.5560418513578373e+01,
       9.7768077721973867e-01, -1.2957666603447933e+01,
       2.8293727971295823e-01 ]
FundamentalMatrix: !!opencv-matrix
   rows: 3
   cols: 3
   dt: d
   data: [ 7.0172584666645017e-10, -5.6830550431220510e-06,
       2.7785247672396634e-03, 5.3727911827508769e-06,
       2.0440472134636414e-08, 4.4846788704863885e-03,
       -2.6378039628797492e-03, -6.5601791265169906e-03,
       9.9999999999999989e-01 ]
VectorOfRotationVectors: !!opencv-matrix
   rows: 1
   cols: 1
   dt: "3d"
   data: [ 2.7573412387292124e-02, -7.7000271540832055e-02,
       2.4892844528158382e+00 ]
VectorOfTranslationVectors: !!opencv-matrix
   rows: 1
   cols: 1
   dt: "3d"
   data: [ 1.1094900951738163e+01, 5.8573420368493812e-01,
       3.0873716263159096e+01 ]
PerViewErrors: !!opencv-matrix
   rows: 1
   cols: 2
   dt: d
   data: [ 1.2632288468957902e+00, 7.1558405773470524e-01 ]
RMS: 1.0265981841289546e+00
