%YAML:1.0
---
cameraMatrixL: !!opencv-matrix
   rows: 3
   cols: 3
   dt: d
   data: [ 2.0042569639605028e+03, 0., 6.5095728691470367e+02, 0.,
       2.0070126096569593e+03, 4.4659018681958270e+02, 0., 0., 1. ]
cameraMatrixR: !!opencv-matrix
   rows: 3
   cols: 3
   dt: d
   data: [ 2.0071734722505123e+03, 0., 6.4929404248833112e+02, 0.,
       2.0078359572477932e+03, 4.6014041466020916e+02, 0., 0., 1. ]
DistorsionCoeffsL: !!opencv-matrix
   rows: 1
   cols: 5
   dt: d
   data: [ -3.8250215830163325e-01, 2.2971429414955119e-01,
       -6.5130826696109859e-04, -7.4595512626995605e-04,
       -4.6694219693246691e-01 ]
DistorsionCoeffsR: !!opencv-matrix
   rows: 1
   cols: 5
   dt: d
   data: [ -3.8436879825337433e-01, 3.5314685266957940e-02,
       8.6436742560116726e-04, -2.5772162127479743e-04,
       1.0718331827031142e+00 ]
RotationMatrix: !!opencv-matrix
   rows: 3
   cols: 3
   dt: d
   data: [ 9.9948902420627206e-01, 7.8544880963488262e-03,
       -3.0983826554160165e-02, -8.1149292405850084e-03,
       9.9993271843653830e-01, -8.2889398317796750e-03,
       3.0916636534627510e-02, 8.5361359442595458e-03,
       9.9948551563718357e-01 ]
TranslationMatrix: !!opencv-matrix
   rows: 3
   cols: 1
   dt: d
   data: [ 7.0649360915912860e+00, -2.4397876416124742e-01,
       1.3982836892578332e-01 ]
EssentialMatrix: !!opencv-matrix
   rows: 3
   cols: 3
   dt: d
   data: [ -6.4083054540817440e-03, -1.4190159695289856e-01,
       -2.4269421196542548e-01, -7.8667141270113844e-02,
       -5.9208974656069488e-02, -7.0656337103780125e+00,
       1.8652264044605887e-01, 7.0663770799441536e+00,
       -6.6120225890239262e-02 ]
FundamentalMatrix: !!opencv-matrix
   rows: 3
   cols: 3
   dt: d
   data: [ 7.5564976527705703e-08, 1.6709672213686730e-06,
       4.9403222544337861e-03, 9.2731523897677585e-07,
       6.9698730663223859e-07, 1.6601668703632375e-01,
       -4.8903840296585345e-03, -1.6842330962052765e-01, 1. ]
VectorOfRotationVectors: !!opencv-matrix
   rows: 27
   cols: 1
   dt: "3d"
   data: [ 1.8721674486921275e-01, 7.7556785850635607e-02,
       6.3632668285228511e-02, -1.7212122783913106e-01,
       1.0825886625935559e-01, 1.3772112153256067e-02,
       -1.1727465834963610e-01, 4.0458625620437044e-01,
       1.9831004073025708e-03, -1.0247624250002135e-01,
       -3.8113221237556566e-01, 7.8733940540052005e-02,
       2.1717364735959588e-01, -4.5232269524152997e-02,
       -1.3364263610417195e-02, -9.0063880539787200e-02,
       3.6966465819664157e-01, 4.2972905605274003e-02,
       -5.1728770197897088e-02, 3.4991780482588214e-01,
       8.8135648259211122e-03, -4.8801030995942671e-02,
       3.3837202291610996e-01, 7.9841658190517185e-03,
       -3.1513946886146554e-01, 2.7626441384586867e-02,
       5.2825005405639842e-02, -2.9797351605551703e-01,
       2.0505883513602278e-02, 4.6657185864820747e-02,
       2.7554758378748989e-02, -2.5472911979476870e-01,
       -1.8632513975509750e-03, -3.4658846170871088e-02,
       -4.2900199478597206e-01, 4.6680658843655312e-02,
       -4.1520688169264554e-02, -4.1552939143279166e-01,
       2.3610357878552129e-02, 2.9087607616074590e-01,
       5.9875689715415421e-03, 4.6370680121580729e-02,
       9.5828496376147571e-02, 2.4676309274242103e-01,
       6.7664118800847994e-02, -3.8950865639270367e-02,
       3.7660776959634801e-01, 4.9398908232752135e-02,
       -9.3189196421961926e-02, 3.8760893742536101e-01,
       6.3075640707110719e-02, -2.5208626321114907e-02,
       -3.8547747748423133e-01, 3.8440775922610179e-02,
       -5.1486462991438726e-02, -4.2563257590079356e-01,
       -7.4998451825117066e-02, -2.8437663428971566e-01,
       1.3011814999901966e-01, 1.0239411596951225e-02,
       2.7546613586052232e-01, 2.3444368058964792e-02,
       -1.2875755379191032e-02, 1.3130365303067744e-02,
       -2.3742673941903941e-01, 2.9200057107090678e-02,
       9.0724432507913542e-03, -2.5542042324394509e-01,
       3.6531105002035776e-02, 1.8328409084157490e-02,
       3.2645969774095485e-01, 6.4955194633459848e-02,
       1.3532001035636201e-01, 2.3404553176275217e-01,
       -3.0104760692272428e-02, 1.9469762529166088e-02,
       -1.4549270951287196e-01, 2.0799799423478472e-02,
       -1.9130506620215865e-01, 6.3142243508935811e-02,
       3.6646448255928062e-02 ]
VectorOfTranslationVectors: !!opencv-matrix
   rows: 27
   cols: 1
   dt: "3d"
   data: [ -8.5340890654376960e+00, -4.8693628818904244e+00,
       3.0775118017330861e+01, -3.8221923684545294e+00,
       -1.3412625915515450e+00, 3.3271941680575701e+01,
       -3.6981282035701311e+00, 1.4326694440438963e+00,
       3.3055350438200264e+01, -4.2438983326035986e+00,
       2.1051567579398092e+00, 3.0945569935456597e+01,
       -4.7785441902240180e+00, 2.9723462728616683e+00,
       2.9973090092696619e+01, -5.0298557329867570e+00,
       2.6478038563130393e+00, 3.3169263014430705e+01,
       -8.3389370223612218e+00, 2.8510689504073992e+00,
       3.3324002721163488e+01, -9.0053659157289481e+00,
       2.8235338233022773e+00, 3.3425744312156425e+01,
       -8.7692062218179316e+00, 2.6287117234873687e+00,
       3.3740571451279251e+01, -8.7761437089715848e+00,
       2.7514389738761960e+00, 3.3663778841525172e+01,
       -8.3991779205418204e+00, -4.9749873567784331e+00,
       3.0966693958249383e+01, -7.9466149386054559e+00,
       2.8399880717017245e+00, 3.0995350650024470e+01,
       -8.1028310831740438e+00, 2.8889539100555872e+00,
       3.1113272439738658e+01, -8.1594521370429636e+00,
       3.2302244182666047e+00, 3.0599918116369125e+01,
       -8.2693379461375258e+00, -1.5903166140013272e-01,
       3.1000219181324315e+01, -8.4059541630255836e+00,
       -2.6968559553034804e-01, 3.2493014006312265e+01,
       -8.1269969842216323e+00, -2.4530169593596690e-01,
       3.3046211782062201e+01, -8.0513849796209076e+00,
       1.4595645400231336e-01, 3.1139324328846229e+01,
       -8.5570632732200700e+00, 5.0969803073108899e-01,
       3.0907825370730205e+01, -9.0242127788674509e+00,
       -4.8093544334737199e+00, 3.3356402417961299e+01,
       -7.7127611042181377e+00, 6.6835885798541117e-01,
       3.0241946658218740e+01, -5.0295611194910261e+00,
       -4.6688403643252672e+00, 3.0379505261510626e+01,
       -4.1845017387673051e+00, -4.5656899624973954e+00,
       3.0779266283818011e+01, -3.6815994743508380e+00,
       -4.8988647999279209e+00, 3.2403166838182095e+01,
       -4.6070949184680883e+00, -2.0803378497611353e+00,
       3.0975452988699033e+01, -4.0922595587168535e+00,
       -2.1272570551108276e+00, 3.0632657381649803e+01,
       -3.8469024785353700e+00, -1.4918864004312837e+00,
       3.3328023647792683e+01 ]
