%YAML:1.0
---
cameraMatrixL: !!opencv-matrix
   rows: 3
   cols: 3
   dt: d
   data: [ 1.9980601764814867e+03, 0., 6.5234660412759308e+02, 0.,
       2.0022484947307257e+03, 4.4476662626905198e+02, 0., 0., 1. ]
cameraMatrixR: !!opencv-matrix
   rows: 3
   cols: 3
   dt: d
   data: [ 2.0034608383976215e+03, 0., 6.5636847683471353e+02, 0.,
       2.0048698099072085e+03, 4.6968732442010554e+02, 0., 0., 1. ]
DistorsionCoeffsL: !!opencv-matrix
   rows: 1
   cols: 5
   dt: d
   data: [ -3.9843832128317175e-01, 2.9343788118845343e-01,
       -1.8771440171214980e-04, -1.1286012906567143e-03,
       -3.4816648977125447e-01 ]
DistorsionCoeffsR: !!opencv-matrix
   rows: 1
   cols: 5
   dt: d
   data: [ -3.9355589508158356e-01, -3.1294129130460763e-01,
       2.5774769117178826e-03, 1.4062374021179323e-03,
       4.2355392368105713e+00 ]
RotationMatrix: !!opencv-matrix
   rows: 3
   cols: 3
   dt: d
   data: [ 9.9941190738372654e-01, 7.5941909735309145e-03,
       -3.3439013787475796e-02, -8.0240057805438976e-03,
       9.9988666894141831e-01, -1.2738312465486533e-02,
       3.3338486931101918e-02, 1.2999135997908209e-02,
       9.9935957880657378e-01 ]
TranslationMatrix: !!opencv-matrix
   rows: 3
   cols: 1
   dt: d
   data: [ 7.0533899884875693e+00, -2.8249555524427344e-01,
       1.7814603630008399e-01 ]
EssentialMatrix: !!opencv-matrix
   rows: 3
   cols: 3
   dt: d
   data: [ -7.9885295515527335e-03, -1.8179804496263288e-01,
       -2.8004535922876794e-01, -5.7108080019640406e-02,
       -9.0335100685793729e-02, -7.0548298758174646e+00,
       2.2573297965404951e-01, 7.0547359455292833e+00,
       -9.9294658381003015e-02 ]
FundamentalMatrix: !!opencv-matrix
   rows: 3
   cols: 3
   dt: d
   data: [ 1.0651029392847948e-07, 2.4188254738438058e-06,
       6.3150981006348814e-03, 7.6088141802790161e-07,
       1.2010650781201493e-06, 1.8677763827132920e-01,
       -6.4570544457929367e-03, -1.9020332817012461e-01, 1. ]
VectorOfRotationVectors: !!opencv-matrix
   rows: 27
   cols: 1
   dt: "3d"
   data: [ 1.8398873230190516e-01, 7.6772349112740487e-02,
       6.3293509965867745e-02, -1.8092924812744687e-01,
       1.1333832007909088e-01, 1.3752670012843454e-02,
       -1.1675127163455891e-01, 4.0240583526966950e-01,
       1.6832247791385515e-03, -1.0443800369872835e-01,
       -3.8057378171718370e-01, 7.8627859437262096e-02,
       2.1708791908389016e-01, -4.3603564834539608e-02,
       -1.3583724765071050e-02, -8.9267693980954632e-02,
       3.6790865007627049e-01, 4.2776320809837877e-02,
       -5.1258351022122846e-02, 3.4834178664989218e-01,
       8.7796417860286687e-03, -4.8428122371973151e-02,
       3.3697496563516605e-01, 7.9460694305844033e-03,
       -3.1453399340377558e-01, 2.6341410656397727e-02,
       5.2785754833393539e-02, -2.9690213087597495e-01,
       1.9495740212129447e-02, 4.6616379340556922e-02,
       2.6297869219756711e-02, -2.5571750620433831e-01,
       -2.0511698501895267e-03, -3.6254876395454216e-02,
       -4.2891247876134297e-01, 4.6733802701923635e-02,
       -4.2837633986101312e-02, -4.1548816508140435e-01,
       2.3780209038017086e-02, 2.9019004980252516e-01,
       6.1952909581622648e-03, 4.6461042917105379e-02,
       9.6385637478999794e-02, 2.4546307178654139e-01,
       6.7663474191058559e-02, -3.8979196874535139e-02,
       3.7528636261317566e-01, 4.9177725689174730e-02,
       -9.3305786930563836e-02, 3.8616914523603113e-01,
       6.2916656106875454e-02, -2.6186096234104853e-02,
       -3.8603816213754388e-01, 3.8510127181746984e-02,
       -5.2660665102610846e-02, -4.2621019238665869e-01,
       -7.4961431598600400e-02, -2.8626704431408256e-01,
       1.2820083026707274e-01, 9.7029453290582175e-03,
       2.7538606140564620e-01, 2.3285235536701809e-02,
       -1.2758552865979324e-02, 1.0995096649677436e-02,
       -2.3494491761334788e-01, 2.8945110635114565e-02,
       7.3162197281961446e-03, -2.5349506483332385e-01,
       3.6414071112156381e-02, 1.6768357399381872e-02,
       3.2216878778819236e-01, 6.4502076393197313e-02,
       1.3560857039843099e-01, 2.3104852934634507e-01,
       -3.0274753907571911e-02, 1.6913414910530274e-02,
       -1.4334545513766231e-01, 2.0679344735930753e-02,
       -1.9957026217363480e-01, 6.8347727403327660e-02,
       3.6567309263449616e-02 ]
VectorOfTranslationVectors: !!opencv-matrix
   rows: 27
   cols: 1
   dt: "3d"
   data: [ -8.5588723675366740e+00, -4.8392844486953122e+00,
       3.0709919277803507e+01, -3.8430188481642551e+00,
       -1.3070275318924831e+00, 3.3217928827773136e+01,
       -3.7237808824341325e+00, 1.4602854054955663e+00,
       3.2962423915169452e+01, -4.2674214890894495e+00,
       2.1322357788839583e+00, 3.0863955976804355e+01,
       -4.8007175880778910e+00, 2.9986788760153695e+00,
       2.9887539397120111e+01, -5.0550847363192455e+00,
       2.6749648821219516e+00, 3.3073933218308653e+01,
       -8.3651264060691606e+00, 2.8786663964160724e+00,
       3.3235096664157204e+01, -9.0318210485978110e+00,
       2.8513936950060872e+00, 3.3337961931235789e+01,
       -8.7950053876474623e+00, 2.6563447001816933e+00,
       3.3652662076876219e+01, -8.8018576295639459e+00,
       2.7789863659606384e+00, 3.3575539943461202e+01,
       -8.4247915733642849e+00, -4.9458176974183674e+00,
       3.0895236067150808e+01, -7.9713188976462259e+00,
       2.8670213506216942e+00, 3.0916648019886591e+01,
       -8.1272871917914919e+00, 2.9158898363316608e+00,
       3.1034026010089651e+01, -8.1820525579949237e+00,
       3.2567117177388321e+00, 3.0517027688630765e+01,
       -8.2936508658784298e+00, -1.3160603141052121e-01,
       3.0918479503388273e+01, -8.4322885483483478e+00,
       -2.4142208889552916e-01, 3.2412126630978328e+01,
       -8.1537872324487388e+00, -2.1687597685592780e-01,
       3.2965120099896666e+01, -8.0757738342299383e+00,
       1.7322464938355073e-01, 3.1060166758140106e+01,
       -8.5814849617438806e+00, 5.3666824515574274e-01,
       3.0828616451443750e+01, -9.0523888594639050e+00,
       -4.7776058656373284e+00, 3.3279623284810462e+01,
       -7.7353761885354135e+00, 6.9506981463053885e-01,
       3.0159775822400032e+01, -5.0543431078040495e+00,
       -4.6420736048428353e+00, 3.0342225453280726e+01,
       -4.2099730323129236e+00, -4.5386963903044544e+00,
       3.0725645621973051e+01, -3.7082740620243699e+00,
       -4.8696379546129229e+00, 3.2332937644042133e+01,
       -4.6310948271411734e+00, -2.0515323870627560e+00,
       3.0892733620811562e+01, -4.1163022053271749e+00,
       -2.1000463630483566e+00, 3.0570693321853625e+01,
       -3.8688921817342359e+00, -1.4577363095301972e+00,
       3.3275016480245348e+01 ]
