%YAML:1.0
---
cameraMatrixL: !!opencv-matrix
   rows: 3
   cols: 3
   dt: d
   data: [ 2.0042569639452543e+03, 0., 6.5095728727871210e+02, 0.,
       2.0070126096373212e+03, 4.4659018720719541e+02, 0., 0., 1. ]
cameraMatrixR: !!opencv-matrix
   rows: 3
   cols: 3
   dt: d
   data: [ 2.0071734722284250e+03, 0., 6.4929404162272249e+02, 0.,
       2.0078359571884100e+03, 4.6014041495167470e+02, 0., 0., 1. ]
DistorsionCoeffsL: !!opencv-matrix
   rows: 1
   cols: 5
   dt: d
   data: [ -3.8250215869404003e-01, 2.2971429678284780e-01,
       -6.5130828856504444e-04, -7.4595514530442157e-04,
       -4.6694219871163956e-01 ]
DistorsionCoeffsR: !!opencv-matrix
   rows: 1
   cols: 5
   dt: d
   data: [ -3.8436879435353394e-01, 3.5314605718391082e-02,
       8.6436740730961941e-04, -2.5772160112543321e-04,
       1.0718336634449974e+00 ]
RotationMatrix: !!opencv-matrix
   rows: 3
   cols: 3
   dt: d
   data: [ 9.9948902421932073e-01, 7.8544881137688292e-03,
       -3.0983826128818434e-02, -8.1149292525358168e-03,
       9.9993271843693510e-01, -8.2889397722095987e-03,
       3.0916636109650196e-02, 8.5361358817467158e-03,
       9.9948551565086319e-01 ]
TranslationMatrix: !!opencv-matrix
   rows: 3
   cols: 1
   dt: d
   data: [ 7.0649360976419322e+00, -2.4397876462928075e-01,
       1.3982836668990040e-01 ]
EssentialMatrix: !!opencv-matrix
   rows: 3
   cols: 3
   dt: d
   data: [ -6.4083053813392896e-03, -1.4190159470596495e-01,
       -2.4269421246341824e-01, -7.8667140687657788e-02,
       -5.9208974281195384e-02, -7.0656337163934406e+00,
       1.8652264078350439e-01, 7.0663770860051223e+00,
       -6.6120225430261040e-02 ]
FundamentalMatrix: !!opencv-matrix
   rows: 3
   cols: 3
   dt: d
   data: [ 7.5564976824693281e-08, 1.6709672204483594e-06,
       4.9403223533529012e-03, 9.2731524629887434e-07,
       6.9698731288482828e-07, 1.6601668972307312e-01,
       -4.8903841088256397e-03, -1.6842331231562496e-01, 1. ]
VectorOfRotationVectors: !!opencv-matrix
   rows: 27
   cols: 1
   dt: "3d"
   data: [ 1.8721674487122128e-01, 7.7556785734819292e-02,
       6.3632668321312841e-02, -1.7212122749813577e-01,
       1.0825886572839036e-01, 1.3772112133925884e-02,
       -1.1727465814182911e-01, 4.0458625600890308e-01,
       1.9831004392818993e-03, -1.0247624230544959e-01,
       -3.8113221249435142e-01, 7.8733940495700511e-02,
       2.1717364733890746e-01, -4.5232269705553899e-02,
       -1.3364263598638281e-02, -9.0063880382303022e-02,
       3.6966465805397658e-01, 4.2972905639689508e-02,
       -5.1728770088650289e-02, 3.4991780473056644e-01,
       8.8135648624482234e-03, -4.8801030892311976e-02,
       3.3837202282130041e-01, 7.9841658551574862e-03,
       -3.1513946841366558e-01, 2.7626441524178889e-02,
       5.2825005390781561e-02, -2.9797351552434009e-01,
       2.0505883687897249e-02, 4.6657185848634632e-02,
       2.7554758479308078e-02, -2.5472911974809198e-01,
       -1.8632513997099611e-03, -3.4658845946894251e-02,
       -4.2900199485179852e-01, 4.6680658799925411e-02,
       -4.1520687935571801e-02, -4.1552939149364976e-01,
       2.3610357836133255e-02, 2.9087607619666012e-01,
       5.9875688473666391e-03, 4.6370680134806039e-02,
       9.5828496459298876e-02, 2.4676309255515511e-01,
       6.7664118848143939e-02, -3.8950865488792341e-02,
       3.7660776946009394e-01, 4.9398908279578733e-02,
       -9.3189196257623910e-02, 3.8760893730989726e-01,
       6.3075640750049941e-02, -2.5208626098130574e-02,
       -3.8547747753993578e-01, 3.8440775890661305e-02,
       -5.1486462744284874e-02, -4.2563257592094766e-01,
       -7.4998451861895077e-02, -2.8437663410164232e-01,
       1.3011814994274082e-01, 1.0239411623199846e-02,
       2.7546613588087066e-01, 2.3444367928819515e-02,
       -1.2875755357767520e-02, 1.3130365447293220e-02,
       -2.3742673953438817e-01, 2.9200057094460496e-02,
       9.0724433930498751e-03, -2.5542042338798610e-01,
       3.6531104983799904e-02, 1.8328409285979674e-02,
       3.2645969749411863e-01, 6.4955194669076982e-02,
       1.3532001043797348e-01, 2.3404553140350115e-01,
       -3.0104760643134797e-02, 1.9469762660893300e-02,
       -1.4549270966921887e-01, 2.0799799413970990e-02,
       -1.9130506586878088e-01, 6.3142243030195111e-02,
       3.6646448233365596e-02 ]
VectorOfTranslationVectors: !!opencv-matrix
   rows: 27
   cols: 1
   dt: "3d"
   data: [ -8.5340890711032813e+00, -4.8693628880563127e+00,
       3.0775118017330584e+01, -3.8221923746129112e+00,
       -1.3412625980636048e+00, 3.3271941679185701e+01,
       -3.6981282096082935e+00, 1.4326694377758875e+00,
       3.3055350438996655e+01, -4.2438983383506974e+00,
       2.1051567520780052e+00, 3.0945569935715874e+01,
       -4.7785441958188111e+00, 2.9723462672717482e+00,
       2.9973090094176264e+01, -5.0298557389947796e+00,
       2.6478038500300727e+00, 3.3169263014643029e+01,
       -8.3389370282964741e+00, 2.8510689440610859e+00,
       3.3324002720585945e+01, -9.0053659216639108e+00,
       2.8235338169322381e+00, 3.3425744311457301e+01,
       -8.7692062277214795e+00, 2.6287117169267074e+00,
       3.3740571450099672e+01, -8.7761437148757455e+00,
       2.7514389673191224e+00, 3.3663778840352947e+01,
       -8.3991779263367601e+00, -4.9749873629543915e+00,
       3.0966693958076171e+01, -7.9466149443809009e+00,
       2.8399880658037833e+00, 3.0995350649389078e+01,
       -8.1028310889562007e+00, 2.8889539041318972e+00,
       3.1113272439044703e+01, -8.1594521428050619e+00,
       3.2302244125019208e+00, 3.0599918116740202e+01,
       -8.2693379519395407e+00, -1.5903166732528862e-01,
       3.1000219181660423e+01, -8.4059541689362725e+00,
       -2.6968560177988982e-01, 3.2493014006057415e+01,
       -8.1269969901426098e+00, -2.4530170230710602e-01,
       3.3046211781525137e+01, -8.0513849853808281e+00,
       1.4595644800899346e-01, 3.1139324328120363e+01,
       -8.5570632789995180e+00, 5.0969802480880422e-01,
       3.0907825370211967e+01, -9.0242127846681530e+00,
       -4.8093544400067447e+00, 3.3356402416694017e+01,
       -7.7127611099095912e+00, 6.6835885217489377e-01,
       3.0241946658773788e+01, -5.0295611251140899e+00,
       -4.6688403703115346e+00, 3.0379505261723402e+01,
       -4.1845017444188217e+00, -4.5656899685247607e+00,
       3.0779266283924070e+01, -3.6815994802742980e+00,
       -4.8988648063025337e+00, 3.2403166838505555e+01,
       -4.6070949242194175e+00, -2.0803378557526693e+00,
       3.0975452989425055e+01, -4.0922595643563309e+00,
       -2.1272570610510870e+00, 3.0632657382306750e+01,
       -3.8469024846423854e+00, -1.4918864069526891e+00,
       3.3328023646312197e+01 ]
