%YAML:1.0
---
cameraMatrixL: !!opencv-matrix
   rows: 3
   cols: 3
   dt: d
   data: [ 8.6795495540132015e+02, 0., 6.3309174464062346e+02, 0.,
       8.6978352606034662e+02, 4.7903515739300587e+02, 0., 0., 1. ]
cameraMatrixR: !!opencv-matrix
   rows: 3
   cols: 3
   dt: d
   data: [ 8.6965919142677456e+02, 0., 6.5975866156220673e+02, 0.,
       8.6925391753181884e+02, 4.8018473488724248e+02, 0., 0., 1. ]
DistorsionCoeffsL: !!opencv-matrix
   rows: 1
   cols: 5
   dt: d
   data: [ -3.2339168520356970e-01, 1.6926886138009389e-01,
       7.0208617965958765e-04, 6.6875447234629557e-04,
       -5.5609891373818651e-02 ]
DistorsionCoeffsR: !!opencv-matrix
   rows: 1
   cols: 5
   dt: d
   data: [ -3.3111011954460057e-01, 1.6893402057729084e-01,
       -1.2398424345112392e-03, -1.5518098717058303e-03,
       -5.0186475885995264e-02 ]
RotationMatrix: !!opencv-matrix
   rows: 3
   cols: 3
   dt: d
   data: [ 9.9921472427934799e-01, -1.0549321911310725e-02,
       3.8192232070906690e-02, 1.0591450240429384e-02,
       9.9994350319064884e-01, -9.0089323303442330e-04,
       -3.8180570518929688e-02, 1.3046969090015721e-03,
       9.9927000445366343e-01 ]
TranslationMatrix: !!opencv-matrix
   rows: 3
   cols: 1
   dt: d
   data: [ -8.2017974312008146e+00, -5.7805029821722746e-02,
       -1.7128393729396785e-01 ]
EssentialMatrix: !!opencv-matrix
   rows: 3
   cols: 3
   dt: d
   data: [ 4.0211743162910062e-03, 1.7119884225428447e-01,
       -5.7917140947432666e-02, -4.8429873738061230e-01,
       1.2507789149495564e-02, 8.1892684397209337e+00,
       -2.9109292439372783e-02, -8.2019438596826895e+00,
       9.5966469183048474e-03 ]
FundamentalMatrix: !!opencv-matrix
   rows: 3
   cols: 3
   dt: d
   data: [ -1.0782340867964215e-07, -4.5808596926346322e-06,
       3.6105760152263392e-03, 1.2991997515258079e-05,
       -3.3483369294725138e-07, -1.9874461645963973e-01,
       -5.4886229174055555e-03, 1.9404178294298197e-01, 1. ]
VectorOfRotationVectors: !!opencv-matrix
   rows: 85
   cols: 1
   dt: "3d"
   data: [ -2.2508671658400337e-01, -6.8115404869751914e-02,
       -9.4669479799291537e-02, -2.2658174708604786e-01,
       -5.6387809825446507e-02, -9.8195216969266724e-02,
       -2.3056934510126398e-01, -5.1219847400492548e-02,
       -9.8554491313226342e-02, -2.2878933408975416e-01,
       -5.3655363983976807e-02, -1.0096281536534536e-01,
       -2.3175908898533448e-01, -5.3098969851038638e-02,
       -1.0226733936853920e-01, 9.9095099751464619e-02,
       -1.9683143313521376e-01, -4.5060878897993051e-01,
       9.0144759011210371e-02, -1.9440576207133320e-01,
       -4.4994060274632469e-01, 8.6878229087622855e-02,
       -1.9134918612634400e-01, -4.4913150549879899e-01,
       8.6908734432119078e-02, -1.8778276821039833e-01,
       -4.4863981548514309e-01, 8.5858721200789037e-02,
       -1.8581893787164261e-01, -4.4809998404629064e-01,
       1.4334243260072629e-01, 4.3218939222011997e-02,
       2.6362564677910871e-01, 1.4055543928862260e-01,
       4.7173398558696317e-02, 2.6302683723477488e-01,
       1.4025859750546354e-01, 4.8206090197509384e-02,
       2.6692939495926887e-01, 1.3552730922314357e-01,
       4.9277780868762881e-02, 2.6230521520076977e-01,
       1.3570691451720035e-01, 5.2901127322800279e-02,
       2.6243644851801867e-01, 8.1102046245313406e-02,
       2.4392365061480514e-01, -6.4048167570298631e-03,
       8.0023364482031664e-02, 2.5150386964918842e-01,
       -3.2177851548494617e-03, 7.8461379070030313e-02,
       2.5484617306429774e-01, -3.0263567177333762e-03,
       7.7213860335310941e-02, 2.5950193879926420e-01,
       -4.3718776278100103e-03, 7.3926435811033961e-02,
       2.5918762186269295e-01, -4.4491695353792299e-03,
       1.0162190987901711e-01, -3.6355130069300795e-01,
       -6.9911151662099102e-02, 1.0393533481091181e-01,
       -3.5470993533795991e-01, -7.2356966893359062e-02,
       1.0724359156913899e-01, -3.6025490534626314e-01,
       -7.1244479048641049e-02, 1.0403425338648750e-01,
       -3.5987897814014697e-01, -7.3787318339858021e-02,
       1.0444009475213958e-01, -3.5744810920763803e-01,
       -7.2985314041979471e-02, -9.0027065865256536e-02,
       -3.7095348898593711e-01, -1.0059766536952196e-01,
       -7.2025026326741168e-02, -3.7942743913359317e-01,
       -1.0128726324594792e-01, -6.3690196905429833e-02,
       -3.8369657601760254e-01, -1.0258756278753837e-01,
       -4.7277441036456917e-02, -3.8355378977266791e-01,
       -1.0927559091166666e-01, -3.6561759703034394e-02,
       -3.8896584222937008e-01, -1.0967184445956502e-01,
       6.8133625170123724e-02, 5.0533016417600729e-01,
       -1.0067831000209148e-02, 7.3412999385442393e-02,
       4.9994423099415924e-01, -9.3000096450778242e-03,
       7.7173393607402135e-02, 5.0781295764320400e-01,
       -1.2705026078787133e-02, 6.9831595139489056e-02,
       5.0415572889252636e-01, -1.5851840298147141e-02,
       6.7898805343734853e-02, 5.0684144209973436e-01,
       -1.8606548507483306e-02, -3.7754943158339792e-02,
       -3.9993829382451579e-01, -4.3325747439450119e-01,
       -3.4807497319916905e-02, -4.0022725033491863e-01,
       -4.2524932908540686e-01, -3.2720253284349819e-02,
       -3.9867052020003824e-01, -4.2949339032139167e-01,
       -3.3010884237541796e-02, -3.9877948742082359e-01,
       -4.3132498298495259e-01, -3.5071161459326573e-02,
       -3.9769967035073922e-01, -4.2928984047412561e-01,
       -6.0127362659938198e-02, 3.4961138274578241e-01,
       5.4883290018149333e-01, -6.1579196650038040e-02,
       3.4585843708684316e-01, 5.4821158669842540e-01,
       -4.9119080546493769e-02, 3.5184389303851860e-01,
       5.4314775001907611e-01, -4.2475111780025138e-02,
       3.5326546591118674e-01, 5.3803076331262278e-01,
       -4.3867714345917158e-02, 3.5153694319634976e-01,
       5.3632112112479424e-01, -6.9213288234802842e-02,
       -2.1910042332308571e-01, -1.7293451134376157e-02,
       -4.3074687041387297e-02, -2.2893447242016318e-01,
       -1.4812598366734193e-02, -1.9815167151748325e-01,
       -6.1111230923416131e-02, -2.8827911137680779e-03,
       -1.2117869932420840e-01, 9.7680211237986730e-02,
       -4.5355060340850524e-02, 2.7895155759739856e-02,
       1.3535677316294178e-01, -1.2001935962988818e-01,
       1.8398034757980924e-01, 7.8601954478600980e-02,
       -7.2319772560286183e-02, -2.5875201713597931e-02,
       -2.9356793175531217e-02, -4.3412079787845261e-02,
       4.3164572887105200e-02, -1.8774895431366481e-01,
       1.7342348790405748e-03, 9.0885731040500031e-02,
       -1.7476887536078536e-01, -4.1850441153403473e-02,
       -5.6451735451268541e-03, 1.2444848732563879e-01,
       -3.4312101748351240e-02, 7.6633327076553242e-03,
       -1.6890298740786991e-01, -6.5407110573133073e-02,
       6.1022190958730120e-02, -1.7327251500176039e-01,
       2.4152261727038354e-02, -1.1584800891767080e-01,
       8.9403160700720265e-03, -1.4280212873009349e-02,
       1.0766017789345321e-02, 1.9124887755051301e-01,
       1.1561369600464055e-02, 8.1035868178989029e-02,
       9.8244603292240010e-02, -4.3921058736102747e-02,
       1.1866917333537259e-01, -2.1257765833023762e-01,
       -3.0320739565624331e-02, -1.1724484835664460e-01,
       1.9823568641523812e-01, -4.5433571815326695e-01,
       -8.4390342082701963e-02, 6.4805434579197504e-02,
       -3.2880545189679333e-01, 3.6485474981558089e-02,
       -3.2527478606774635e-01, -2.5925558240172619e-01,
       3.5532315574970845e-03, -1.4955516055434476e-01,
       -2.7018958349678646e-01, 2.0766308467835437e-01,
       -1.9680039645578268e-01, -2.3601665414069281e-01,
       3.0000971343565541e-01, 6.6214563623161277e-02,
       -4.3042595125009520e-01, 6.9336243080356172e-02,
       7.0706594414709611e-02, -4.6490819037665659e-01,
       -2.1103410171275393e-02, 4.1382532611385400e-02,
       -3.4817408331394732e-02, 1.0262940676933285e-01,
       6.7308864019066245e-02, 4.6304545458715357e-01,
       8.8422621229675868e-02, -3.7564741678559810e-01,
