%YAML:1.0
---
cameraMatrixL: !!opencv-matrix
   rows: 3
   cols: 3
   dt: d
   data: [ 8.6951370959414521e+02, 0., 6.6019442399939646e+02, 0.,
       8.6957216179895045e+02, 4.8135178195731044e+02, 0., 0., 1. ]
cameraMatrixR: !!opencv-matrix
   rows: 3
   cols: 3
   dt: d
   data: [ 8.7059290934896603e+02, 0., 6.3476357982780507e+02, 0.,
       8.7120602796915625e+02, 4.8104910666560875e+02, 0., 0., 1. ]
DistorsionCoeffsL: !!opencv-matrix
   rows: 1
   cols: 5
   dt: d
   data: [ -3.2121259978590044e-01, 1.6773922418001128e-01,
       -5.4894859709327928e-04, -4.4602310820162641e-04,
       -5.8637080360201474e-02 ]
DistorsionCoeffsR: !!opencv-matrix
   rows: 1
   cols: 5
   dt: d
   data: [ -3.3168045891620312e-01, 1.9469112360668517e-01,
       2.1094925214933268e-04, 1.7251551169721849e-04,
       -8.1810891290113666e-02 ]
RotationMatrix: !!opencv-matrix
   rows: 3
   cols: 3
   dt: d
   data: [ 9.9986147578275120e-01, 3.8499123373084616e-03,
       -1.6192820030310126e-02, -3.8971861976345181e-03,
       9.9998823305230089e-01, -2.8888919464381828e-03,
       1.6181507509497990e-02, 2.9515981996654770e-03,
       9.9986471429028234e-01 ]
TranslationMatrix: !!opencv-matrix
   rows: 3
   cols: 1
   dt: d
   data: [ 5.3982311950632678e+00, 3.0230003721144773e-03,
       9.2408484624424317e-02 ]
EssentialMatrix: !!opencv-matrix
   rows: 3
   cols: 3
   dt: d
   data: [ 4.0904977404521365e-04, -9.2398474576162862e-02,
       3.2895495303777150e-03, 5.0441651905019959e-03,
       -1.5577644911699207e-02, -5.3989972454856208e+00,
       -2.4060493718394842e-02, 5.3981560360726997e+00,
       -1.5545955723452432e-02 ]
FundamentalMatrix: !!opencv-matrix
   rows: 3
   cols: 3
   dt: d
   data: [ -1.1644875971700104e-08, 2.6302335769362997e-06,
       -1.3398073256772074e-03, -1.4349681605146998e-07,
       4.4312430370427391e-07, 1.3343101017731798e-01,
       6.7273937866383423e-04, -1.3566239727959239e-01, 1. ]
VectorOfRotationVectors: !!opencv-matrix
   rows: 47
   cols: 1
   dt: "3d"
   data: [ 7.2171195999538265e-02, -3.4785429061856216e-01,
       6.2446377483553993e-04, 2.0063974193517228e-02,
       7.6560842115939595e-02, -1.3712807355406554e-02,
       -2.2041255883154187e-01, -4.2291279189505260e-02,
       1.7887254891340732e-02, 2.7572360059620665e-01,
       3.6041389056087002e-03, 3.0242705968807460e-02,
       2.4849419131955403e-01, -3.4844132342893669e-01,
       4.4642965952805369e-02, 8.5418636441269152e-02,
       8.2119521679383523e-02, 3.2845485829718739e-02,
       1.6697377383193207e-01, -3.0570564461876376e-01,
       4.7523969614492257e-03, -3.2120148485587863e-01,
       -8.4014123487883924e-02, 1.2896773855794354e-02,
       3.7033461552443808e-01, -6.4670741397671233e-02,
       5.2042110672406057e-02, 1.2893950879803562e-01,
       -1.4523543027845898e-01, 6.2511223798080023e-02,
       3.6125884038956939e-02, -1.9190677898433436e-01,
       2.4149818938166121e-02, -3.2034875263933830e-03,
       -3.4387874418693523e-02, 9.3125916033490269e-02,
       -7.2858761826082974e-02, -2.5272054341328898e-01,
       1.5434598076352135e-01, 1.1856221218203485e-02,
       5.7092140981457205e-03, 1.4879649626599167e-01,
       6.4680372806950626e-01, 6.9928628041203922e-01,
       5.8966353557839524e-02, 2.2826930441265977e-01,
       -1.6726178095002164e-01, 1.7951572204354949e-01,
       1.0779216228368369e-02, 4.8825030087282228e-02,
       -2.0629473653935262e-02, 2.8697933156142447e-01,
       3.7896384396118549e-01, 2.3638740806822867e-02,
       -8.0205491714637506e-02, 1.0672182518241753e-01,
       -1.1632636621772753e-02, -2.8056245818707964e-01,
       1.0827754248592872e-01, 6.4838167116755526e-03,
       -1.4977830705060797e-02, 6.7137756934155357e-02,
       1.3143954375326682e-02, -5.6269785615931225e-02,
       2.1973325815109099e-01, 1.8493714984775514e-01,
       3.0589988491471715e-01, 1.7601391602203014e-02,
       3.8422621926729718e-02, 8.1356639480573006e-02,
       -5.5399416196394331e-02, -1.3085376116584913e-01,
       6.4552491672838122e-02, -1.7354054606292489e-02,
       1.2871427133176513e-01, 3.3371502842698249e-02,
       1.8414041030474482e-01, 1.4181422761595908e-01,
       1.2357420960829728e-01, -5.1868450522941090e-02,
       1.2311542334777963e-01, -6.3371671852202438e-02,
       -5.4551618931994938e-01, 8.8690682189302275e-02,
       -1.1429005835591295e-01, 3.7250148480373640e-01,
       1.8376376629213001e-01, 3.9895623933284502e-01,
       -3.5972575493183584e-02, 1.5896182240380197e-01,
       1.3381901855401523e-01, -2.3393464912110137e-01,
       8.1082672859118299e-02, -1.5713468441634140e-01,
       -3.0043873238245727e-01, 1.0273585768025291e-01,
       9.9738251484289882e-03, -5.9127841005067856e-02,
       2.4026712394526695e-01, 2.3800605776509953e-02,
       -6.5164080382821205e-02, -1.0784455343317829e-02,
       1.5988032089050065e-02, -1.4353101116037920e-01,
       -4.6699803266373373e-02, 2.4387438486533927e-01,
       -5.2295194741172273e-02, 7.9215379524415042e-02,
       2.0220358080362804e-02, -8.9035427083491991e-02,
       5.7311503828048192e-02, -2.7481319076581950e-01,
       -1.0576191832154434e-01, 3.6468968928445707e-02,
       1.4077403310195952e-01, -4.1949992878350101e-01,
       1.4389919390373321e-01, 7.5515239021497926e-02,
       -2.2978646785851306e-01, 1.0872891849044700e-01,
       -5.2861809992669540e-02, 3.8801164024982504e-01,
       1.8614123779100389e-01, 7.7455704115464694e-02,
       -4.2021289298956632e-01, 3.9573333530021453e-02,
       -3.6817753112279727e-01, -3.4365596042230823e-01,
       1.7374587517651561e-02, 5.6485919896789294e-01,
       -1.9227918318117992e-01, 9.6919512138992636e-02,
       2.1238050377815840e-01, -8.4376961244563176e-02,
       1.8416505121708338e-01, 5.1701524283402585e-02,
       -8.2166321285898902e-02, 2.3148641630372051e-02,
       4.4235089226416439e-02, -8.1248897905309383e-02,
       2.1447409002112682e-02 ]
