%YAML:1.0
---
cameraMatrixL: !!opencv-matrix
   rows: 3
   cols: 3
   dt: d
   data: [ 8.6210323077406849e+02, 0., 6.3177468504266119e+02, 0.,
       8.6273948328170741e+02, 4.6733979324541144e+02, 0., 0., 1. ]
cameraMatrixR: !!opencv-matrix
   rows: 3
   cols: 3
   dt: d
   data: [ 8.6993782843637916e+02, 0., 6.6213662162540265e+02, 0.,
       8.6952908609734232e+02, 4.7800589117577414e+02, 0., 0., 1. ]
DistorsionCoeffsL: !!opencv-matrix
   rows: 1
   cols: 5
   dt: d
   data: [ -3.2003715854999926e-01, 1.7326322324989762e-01,
       6.5206046910783449e-04, 3.4087503850788810e-04,
       -6.0729411313164505e-02 ]
DistorsionCoeffsR: !!opencv-matrix
   rows: 1
   cols: 5
   dt: d
   data: [ -3.2988821486248299e-01, 1.7618686343703582e-01,
       -6.1730307846352170e-06, -1.4331222509610339e-03,
       -6.3242424166635558e-02 ]
RotationMatrix: !!opencv-matrix
   rows: 3
   cols: 3
   dt: d
   data: [ 9.9952293232561784e-01, -1.1149135203253075e-02,
       2.8802856445462200e-02, 1.1229133934068897e-02,
       9.9993352620156073e-01, -2.6171987321319742e-03,
       -2.8771762307670045e-02, 2.9393812839293050e-03,
       9.9958168537212533e-01 ]
TranslationMatrix: !!opencv-matrix
   rows: 3
   cols: 1
   dt: d
   data: [ -8.0138255814014432e+00, -4.7014437084415509e-02,
       4.6100796542424666e-01 ]
EssentialMatrix: !!opencv-matrix
   rows: 3
   cols: 3
   dt: d
   data: [ -3.8240319795997588e-03, -4.6111551383011451e-01,
       -4.5788220795050724e-02, 2.3021614862310205e-01,
       1.8415848790353739e-02, 8.0237516271838363e+00,
       -4.2996312761571100e-02, -8.0138170422905777e+00,
       2.2327924233377275e-02 ]
FundamentalMatrix: !!opencv-matrix
   rows: 3
   cols: 3
   dt: d
   data: [ 6.7803174782960898e-08, 8.1699208022239159e-06,
       -3.1610564651048108e-03, -4.0838370077763504e-06,
       -3.2644044053423978e-07, -1.1997438425061713e-01,
       2.5704084149379344e-03, 1.1826600124176168e-01, 1. ]
VectorOfRotationVectors: !!opencv-matrix
   rows: 31
   cols: 1
   dt: "3d"
   data: [ -3.0310301019577091e-02, 1.9690226839544883e-01,
       -7.8438601894099735e-02, 4.5746755372366157e-03,
       1.4648756299504856e-01, 1.3655447407976640e-01,
       -2.3350521219454298e-02, 2.5643207929057177e-01,
       -3.1061989934399054e-01, -2.5475326371288426e-01,
       1.0705713725326667e-01, -9.2400052530696580e-02,
       2.4980197282952207e-01, 1.6089222618965390e-01,
       -1.0945461430090109e-01, -6.2713228440663099e-02,
       2.0124576580316580e-01, -6.1727870053452275e-02,
       -4.1916907345172831e-02, 2.9308293434633254e-01,
       -5.3282083921712076e-01, 2.6860183233058488e-02,
       1.4727813271440102e-01, 4.8588157325631742e-01,
       -3.4060960320258027e-01, 1.7164452744915829e-01,
       2.9638185457624905e-01, 4.2352926695312210e-01,
       1.5675437499277253e-01, -2.3148005882517181e-01,
       -3.2821133006116693e-02, 2.0116442025670095e-01,
       -4.3419076776511367e-01, 1.0313915409895975e-01,
       1.0140461702658637e-01, 3.7561968081699842e-01,
       -9.9481940653884798e-03, -1.1450425071499243e-01,
       -2.7119502093783419e-02, 3.9354319757213034e-02,
       -1.5736711072095583e-01, -5.4376742923871700e-02,
       -4.9754602538258301e-02, 9.8941521598449517e-02,
       -3.6637154467733551e-02, 5.9956878722273177e-02,
       2.4655113974482365e-01, -9.7546352250758292e-02,
       7.8520911174382410e-02, 1.4739945593446707e-01,
       -1.9381989881266060e-01, -1.2057609770272985e-02,
       -7.5764457776294869e-02, 1.0523711983903188e-04,
       -2.7856552109261660e-03, -3.9978418694397451e-02,
       -1.6421781499975720e-02, -4.7021039599772782e-03,
       8.9861703013973490e-02, -3.9106006234832141e-01,
       1.4216950866071847e-02, 1.6969817969577752e-01,
       4.7330564911048789e-01, 3.8598962676543499e-03,
       2.3256845194616566e-01, -4.2959157576201709e-02,
       -1.0012306950084893e-02, 1.3850687798952757e-01,
       -1.3447977139241826e-01, -2.2492641585676435e-02,
       2.9996119749100353e-01, -4.2625936132662932e-02,
       1.7317924643131012e-02, 3.0575399720843588e-01,
       5.3294886124990726e-01, 1.3269515994412440e-01,
       3.3727934842266577e-01, -5.3828420271488719e-01,
       2.0168083300232401e-02, 6.4979903640799808e-01,
       -1.1392119121659041e-02, -8.0300916244411283e-02,
       -5.7684651651412522e-01, -1.9770807849568811e-01,
       -5.7341398910215191e-01, 5.8915790192644478e-03,
       -1.1182211762344733e-01, 5.9803826288772499e-01,
       1.0013334156136311e-01, -9.5277860052525004e-02,
       -2.7584414270439742e-02, 2.1354146406018754e-01,
       -7.8787938932535093e-02 ]
VectorOfTranslationVectors: !!opencv-matrix
   rows: 31
   cols: 1
   dt: "3d"
   data: [ -1.8170378826986682e+00, -1.5218027229815094e+00,
       1.3453366819018855e+01, -1.2852966019362884e+00,
       -2.7696657268198401e+00, 1.2978672015357526e+01,
       -2.6008490505217901e+00, -8.4858307287096912e-01,
       1.3632162753644366e+01, -1.0511251210750225e+00,
       -2.7017047286727212e+00, 1.2549879031594550e+01,
       -1.6138481962393452e+00, -2.4253290094483106e+00,
       1.2872692977714275e+01, -2.9452975983756251e+00,
       -2.1684460359416557e+00, 2.2140404081878970e+01,
       -2.7211625008467206e+00, -4.8011178433999818e-01,
       2.2973593563931193e+01, -1.6320731752606215e+00,
       -5.8831740161923811e+00, 2.2700293990539354e+01,
       -2.4266964752618270e+00, -4.9757799519828696e+00,
       2.2983024103153575e+01, -3.3753322554632579e+00,
       -3.0889970790450647e+00, 2.3474677220297714e+01,
       -3.6082051553969654e+00, -2.7800411106842717e+00,
       2.3416197442943822e+01, -1.5498235425686064e+00,
       -6.1707362014689853e+00, 1.9503089882783087e+01,
       2.0477926835404983e+00, -4.1165830488802309e+00,
       1.6189253576683036e+01, 2.4347697251813671e+00,
       1.8976043484232654e+00, 1.6291075559627320e+01,
       -1.3608771637931896e+00, -5.3476373706055798e+00,
       1.6063564297185387e+01, -3.7578799905933331e+00,
       2.5150378232647324e+00, 1.6889979762540989e+01,
       -3.4442183091697633e+00, -5.5682129172587356e+00,
       1.6972191755446872e+01, 3.5124827470792934e+00,
       -7.4092195404132175e+00, 1.7244832936803469e+01,
       5.6436264832577476e-01, -1.4861523148489721e+00,
       1.5645956291180646e+01, -4.6195891387456545e-01,
       -1.2640758925197873e-01, 1.5970381590828584e+01,
       -1.2301183361512462e+00, -4.1145494143793417e+00,
       1.6422433799098698e+01, -3.8100341219725880e+00,
       -1.8469194524416854e+00, 1.6035058678866374e+01,
       -3.9940052671587680e+00, -1.7383775691263939e+00,
       1.5775930415021657e+01, -2.5854041760155462e+00,
       -5.0156277273813901e+00, 3.6165136941022411e+01,
       -1.6551133086208731e+00, -7.6516893277126234e+00,
       3.5726083373783823e+01, -3.1623973780381527e+00,
       -3.0465704358588512e+00, 3.5398621965587957e+01,
       -2.3786502818508652e+00, -5.5619503755289559e+00,
       3.6302361033183168e+01, -1.5615539767149205e+00,
       -5.0492557822120832e+00, 2.9919720580705018e+01,
       -2.1037374208853428e+00, -4.1731255738088953e+00,
       3.3249533761908793e+01, -2.3389366929993418e+00,
       -4.2838340684624994e+00, 3.1925067826587664e+01,
       -2.7164292806601220e+00, -3.2961976453175916e+00,
       2.7781655628882103e+01 ]
