%YAML:1.0
---
cameraMatrixL: !!opencv-matrix
   rows: 3
   cols: 3
   dt: d
   data: [ 8.6207808689218643e+02, 0., 6.3176414466598328e+02, 0.,
       8.6272391549566441e+02, 4.6738112489567317e+02, 0., 0., 1. ]
cameraMatrixR: !!opencv-matrix
   rows: 3
   cols: 3
   dt: d
   data: [ 8.6993626473780876e+02, 0., 6.6209437992271717e+02, 0.,
       8.6953660013019851e+02, 4.7800797040527397e+02, 0., 0., 1. ]
DistorsionCoeffsL: !!opencv-matrix
   rows: 1
   cols: 5
   dt: d
   data: [ -3.1998669211681313e-01, 1.7308633883118676e-01,
       6.4145731873286606e-04, 3.5010579099063564e-04,
       -6.0591545306752773e-02 ]
DistorsionCoeffsR: !!opencv-matrix
   rows: 1
   cols: 5
   dt: d
   data: [ -3.2981838354212134e-01, 1.7601458265975425e-01,
       -8.0646319679225166e-06, -1.4314020999353328e-03,
       -6.3110753384273063e-02 ]
RotationMatrix: !!opencv-matrix
   rows: 3
   cols: 3
   dt: d
   data: [ 9.9942906249006569e-01, -1.1253842546194957e-02,
       3.1857496420366366e-02, 1.1351165517732346e-02,
       9.9993143824163222e-01, -2.8757359770628169e-03,
       -3.1822949134504300e-02, 3.2357138263730163e-03,
       9.9948828410562995e-01 ]
TranslationMatrix: !!opencv-matrix
   rows: 3
   cols: 1
   dt: d
   data: [ -8.0595726544287203e+00, -4.2502743642232554e-02,
       4.7140731887257020e-01 ]
EssentialMatrix: !!opencv-matrix
   rows: 3
   cols: 3
   dt: d
   data: [ -3.9984598537893337e-03, -4.7151252507314284e-01,
       -4.1125351326023914e-02, 2.1465880412404131e-01,
       2.0773326930877058e-02, 8.0704662999731358e+00,
       -4.9007065970997764e-02, -8.0594983951405705e+00,
       2.4531234045530509e-02 ]
FundamentalMatrix: !!opencv-matrix
   rows: 3
   cols: 3
   dt: d
   data: [ 6.4585514079827486e-08, 7.6104508097367874e-06,
       -3.0251215531102624e-03, -3.4688910121261104e-06,
       -3.3544612111362959e-07, -1.1008298531437435e-01,
       2.3040299372705355e-03, 1.0828663180148478e-01,
       9.9999999999999989e-01 ]
VectorOfRotationVectors: !!opencv-matrix
   rows: 30
   cols: 1
   dt: "3d"
   data: [ -3.0299088259081570e-02, 1.9351145161513508e-01,
       -7.8457042366485874e-02, 4.2049180428961920e-03,
       1.4318293575641952e-01, 1.3653567019927629e-01,
       -2.3024164402182811e-02, 2.5300352365334255e-01,
       -3.1071031418416700e-01, -2.5404714463866057e-01,
       1.0443315957906157e-01, -9.2717049235501225e-02,
       2.4927724737232029e-01, 1.5781230890647732e-01,
       -1.0928985378843463e-01, -6.3168407504079219e-02,
       2.0190905637133094e-01, -6.1783757179078559e-02,
       -4.1600849204061596e-02, 2.9398494182867113e-01,
       -5.3259536057851509e-01, 2.5295626292673845e-02,
       1.4909761389352610e-01, 4.8572409299589570e-01,
       -3.4263045630872918e-01, 1.7184000491929086e-01,
       2.9614765541066718e-01, 4.2618499869145532e-01,
       1.5824840134811174e-01, -2.3120601617660513e-01,
       -3.3784898055707273e-02, 2.0266127476359144e-01,
       -4.3381079462898825e-01, 1.0200608208536746e-01,
       1.0118344289717586e-01, 3.7561364463735081e-01,
       -1.0476559727813703e-02, -1.1535211498148391e-01,
       -2.7118572521831724e-02, 4.0212566058535446e-02,
       -1.5839133755070567e-01, -5.4459543904019518e-02,
       -5.0261857954962359e-02, 9.6755685842548692e-02,
       -3.6817696342697707e-02, 6.0434763595520351e-02,
       2.4441435328033742e-01, -9.7439020056924119e-02,
       7.7816075791127842e-02, 1.4536721382503992e-01,
       -1.9387745785950783e-01, -1.3377272734663978e-02,
       -7.7131573052606123e-02, 1.1370256986180940e-04,
       -2.6020745136539551e-03, -4.0652487419295467e-02,
       -1.6501144452920009e-02, -4.3023646708952512e-03,
       8.8148492527097833e-02, -3.9105317167319531e-01,
       1.3466158814259391e-02, 1.6745461900457462e-01,
       4.7324126811109252e-01, 3.8068255269139589e-03,
       2.3011620798289825e-01, -4.2992815010701436e-02,
       -9.9822422557964419e-03, 1.3600900201018612e-01,
       -1.3452965957326968e-01, -2.2295216661385179e-02,
       3.1160917700211066e-01, -4.1791787820143617e-02,
       1.2947730810684397e-02, 3.1552481667254989e-01,
       5.3261681359862467e-01, 1.9854770270372208e-02,
       6.5401236139079477e-01, -1.0953087075471176e-02,
       -8.1690538563022302e-02, -5.8551626276760627e-01,
       -1.9843098336989509e-01, -5.7877045589634812e-01,
       5.3008455433814121e-03, -1.1224022556208475e-01,
       6.0357477051090991e-01, 1.0518121660425009e-01,
       -9.5374224970596111e-02, -2.8402800594693158e-02,
       2.1923555978475753e-01, -7.8508518471703218e-02 ]
VectorOfTranslationVectors: !!opencv-matrix
   rows: 30
   cols: 1
   dt: "3d"
   data: [ -1.8157614850052048e+00, -1.5226729593360775e+00,
       1.3444908150646222e+01, -1.2828061003664590e+00,
       -2.7704636253846120e+00, 1.2972409715541158e+01,
       -2.6012107936377693e+00, -8.4924347315797344e-01,
       1.3622701982529190e+01, -1.0477892656947265e+00,
       -2.7037998813255899e+00, 1.2545216092396689e+01,
       -1.6103761227405391e+00, -2.4260129378812940e+00,
       1.2866016005397189e+01, -2.9494917574381159e+00,
       -2.1680950277637479e+00, 2.2103546343213644e+01,
       -2.7263769074757431e+00, -4.8050288270328267e-01,
       2.2935080720914574e+01, -1.6364388994926251e+00,
       -5.8790220719765012e+00, 2.2660590189794814e+01,
       -2.4306350873421256e+00, -4.9695549288806982e+00,
       2.2944722021232206e+01, -3.3814292882354877e+00,
       -3.0850159343790198e+00, 2.3413632587559206e+01,
       -3.6120521515086219e+00, -2.7764749326012033e+00,
       2.3373509972214443e+01, -1.5532573919043073e+00,
       -6.1681799295331325e+00, 1.9478135349242525e+01,
       2.0460138897857902e+00, -4.1166742203865230e+00,
       1.6182303319812899e+01, 2.4326980471255601e+00,
       1.8948945788635037e+00, 1.6277952992955367e+01,
       -1.3619122177744023e+00, -5.3469612866880949e+00,
       1.6051317544065729e+01, -3.7600669163758167e+00,
       2.5124729311645186e+00, 1.6869448241511964e+01,
       -3.4458899352304133e+00, -5.5660635983189666e+00,
       1.6953417005545049e+01, 3.5076763908276662e+00,
       -7.4056257263996441e+00, 1.7232389852530090e+01,
       5.6381070341605610e-01, -1.4869706165323990e+00,
       1.5639441531873317e+01, -4.6234220898408768e-01,
       -1.2749856382329763e-01, 1.5959234979957504e+01,
       -1.2317966681390944e+00, -4.1149404853980913e+00,
       1.6409868801028644e+01, -3.8121870149355743e+00,
       -1.8474753119265823e+00, 1.6019015594926824e+01,
       -3.9952082982767858e+00, -1.7389275063019611e+00,
       1.5758417582589423e+01, -2.5848538074702820e+00,
       -5.0008286271691498e+00, 3.5995981383978027e+01,
       -1.6541230547270782e+00, -7.6253797376079113e+00,
       3.5554189889431200e+01, -2.3781482110493730e+00,
       -5.5440543531011244e+00, 3.6116778330249936e+01,
       -1.5589910965103977e+00, -5.0325006567672563e+00,
       2.9724971330255610e+01, -2.1210520745305739e+00,
       -4.1531355015161777e+00, 3.3109066282731746e+01,
       -2.3581495712840246e+00, -4.2689139945512320e+00,
       3.1769648230600449e+01, -2.7206468938792208e+00,
       -3.2922448691624155e+00, 2.7710955183692487e+01 ]
