%YAML:1.0
---
cameraMatrixL: !!opencv-matrix
   rows: 3
   cols: 3
   dt: d
   data: [ 1.4079722730507156e+03, 0., 7.5908179454227320e+02, 0.,
       1.4084528675219649e+03, 4.8034367346940712e+02, 0., 0., 1. ]
cameraMatrixR: !!opencv-matrix
   rows: 3
   cols: 3
   dt: d
   data: [ 1.4048947558315037e+03, 0., 7.6643946436324654e+02, 0.,
       1.4052987754288424e+03, 4.9704037753235713e+02, 0., 0., 1. ]
DistorsionCoeffsL: !!opencv-matrix
   rows: 1
   cols: 5
   dt: d
   data: [ -1.7441964925317346e-01, 1.4991563082307258e-01,
       -7.6680742853894879e-04, 1.3583652836030103e-03,
       -8.5309300112720560e-02 ]
DistorsionCoeffsR: !!opencv-matrix
   rows: 1
   cols: 5
   dt: d
   data: [ -1.8217065255938300e-01, 2.1415950488219873e-01,
       2.5569319876433906e-05, 4.9239177404450689e-04,
       -2.1105566802756498e-01 ]
RotationMatrix: !!opencv-matrix
   rows: 3
   cols: 3
   dt: d
   data: [ 9.9997667112423505e-01, 5.9237073954661115e-03,
       3.4010142584683096e-03, -5.9282691029705382e-03,
       9.9998153950735469e-01, 1.3327677755360786e-03,
       -3.3930565477412176e-03, -1.3528988113094729e-03,
       9.9999332839377997e-01 ]
TranslationMatrix: !!opencv-matrix
   rows: 3
   cols: 1
   dt: d
   data: [ -4.9769980913826961e+00, 1.8830306248577632e-02,
       -9.9692593281119121e-03 ]
EssentialMatrix: !!opencv-matrix
   rows: 3
   cols: 3
   dt: d
   data: [ -1.2299274596705537e-04, 9.9435997917331122e-03,
       1.8843467327767809e-02, -2.6856262718561178e-02,
       -6.7924297769304210e-03, 4.9769309812181515e+00,
       1.0675117051984833e-02, -4.9770177587704181e+00,
       -6.6972248151421620e-03 ]
FundamentalMatrix: !!opencv-matrix
   rows: 3
   cols: 3
   dt: d
   data: [ 6.9263500522372607e-10, -5.5978384329814926e-08,
       -1.2304697078062180e-04, 1.5119785818258289e-07,
       3.8227597416261250e-08, -3.9583931065318899e-02,
       -1.6014041670301727e-04, 3.9387040652755750e-02, 1. ]
VectorOfRotationVectors: !!opencv-matrix
   rows: 38
   cols: 1
   dt: "3d"
   data: [ -2.1608184956917689e-01, 9.9208166296582104e-04,
       -2.7168011473914691e-02, -5.9343481072114783e-02,
       -6.6542176108508613e-02, -6.6072151327576378e-03,
       -6.8390652961094547e-02, -2.3976743433842269e-02,
       -1.3875086389850686e-02, -1.1146554308695793e-01,
       -2.0344318909790143e-02, 5.3149902047094286e-03,
       -7.3215945152485321e-02, -2.1581699601977474e-02,
       -1.5747946850971299e-02, -3.8352453308236646e-02,
       -2.5458596149407586e-01, -2.1807474690582623e-02,
       -8.6430139314095170e-03, 2.5431514564335045e-01,
       6.0901905728724400e-02, 1.0486646893193871e-01,
       2.1167883993359796e-01, 9.9469661123794767e-02,
       -4.1293219386376639e-01, -2.2979982044477651e-01,
       -3.6388172449435111e-02, 7.6864247858843535e-02,
       -1.2430786217079189e-01, -1.5917123947297868e-01,
       3.7860933161430854e-02, 2.9095404882360087e-01,
       -3.0080583133567301e-02, 7.2180232739634836e-02,
       -4.3304798558311386e-01, -1.6034043553137409e-02,
       2.6799247765806283e-01, 2.3595059234986573e-01,
       1.1078921326802762e-02, 2.7358130067863301e-01,
       -1.0834287744535011e-01, -2.8907786218729383e-02,
       3.5031472052229901e-01, -3.3152505635593500e-02,
       -1.3575997313931028e-02, 1.3025088233042253e-01,
       -5.2882385869014592e-01, -6.2510780325272464e-02,
       1.1005215892325886e-01, 4.9971094876301886e-01,
       -2.7635197957993001e-02, 1.6258752379359870e-01,
       1.5508624452414876e-01, -4.9214375416322599e-02,
       1.3431722853247000e-01, 6.4838482110959983e-01,
       -2.9092846151438423e-02, 5.9232780829898187e-03,
       -7.1804805990273690e-01, -1.9966085083978585e-01,
       5.0147958889590438e-01, 9.6403004274080301e-02,
       -2.9605460255326627e-01, -1.0897040801956424e-01,
       6.1789727185648555e-02, -1.2803352027406309e-01,
       1.0864794616397767e-01, -3.0341531626232165e-01,
       2.4222475232212694e-02, 5.1136488092923163e-02,
       1.9655530532080565e-01, -2.9272649961043519e-03,
       5.0859374624818054e-01, -5.3598386806810994e-01,
       2.5639988328709218e-01, -3.3985945622178396e-02,
       2.8688546305801743e-01, 8.0376740464322541e-02,
       1.3773442462447757e-02, -6.0430159925489868e-01,
       1.5952761420460318e-01, 6.4078327297697598e-03,
       2.8330674743087320e-01, 1.1953171696961912e-01,
       6.8692282287989903e-02, -2.7911771935259427e-01,
       5.3609488872102477e-02, -3.8202020098016487e-02,
       6.2730947508136314e-01, 8.6082503447419467e-02,
       8.2151028201632181e-01, -1.4125972398742398e-01,
       1.2461452590871552e-01, -2.7060403299288355e-01,
       -6.0918880862373515e-01, -7.8409456125667992e-02,
       5.2902561082656480e-02, -8.7482468345977027e-01,
       -5.3120266478658286e-02, 1.2029775997427144e-02,
       7.0939595249123288e-01, -1.3390871218019820e-02,
       8.9614228342699553e-02, 1.0905535965321872e-01,
       3.7870705223294172e-02, 2.3275605818951903e-01,
       -2.0950338283239398e-01, 8.1699455815754884e-02,
       4.2531879685680861e-02, -5.2297964671245678e-01,
       1.7039065435489623e-01, -4.6590132264155183e-02,
       7.4173484686103830e-01, 9.3727091373213403e-02 ]
