%YAML:1.0
---
cameraMatrixL: !!opencv-matrix
   rows: 3
   cols: 3
   dt: d
   data: [ 1.4046851184678142e+03, 0., 7.5758382565594297e+02, 0.,
       1.4060103856880285e+03, 4.8937920126719871e+02, 0., 0., 1. ]
cameraMatrixR: !!opencv-matrix
   rows: 3
   cols: 3
   dt: d
   data: [ 1.3969519698938757e+03, 0., 7.6999566914515685e+02, 0.,
       1.3970700623031291e+03, 5.0361141144416445e+02, 0., 0., 1. ]
DistorsionCoeffsL: !!opencv-matrix
   rows: 1
   cols: 5
   dt: d
   data: [ -1.8846257353414678e-01, 1.9929720824511174e-01,
       1.8212279302440039e-03, 2.4524753388031357e-03,
       -1.4017890636058847e-01 ]
DistorsionCoeffsR: !!opencv-matrix
   rows: 1
   cols: 5
   dt: d
   data: [ -1.7391550230532249e-01, 1.1043728820594015e-01,
       1.0458011851160942e-03, 6.6591650447883990e-04,
       -2.6363688025630865e-02 ]
RotationMatrix: !!opencv-matrix
   rows: 3
   cols: 3
   dt: d
   data: [ 9.9996854616630304e-01, 7.8285583167204981e-03,
       1.2729307647817789e-03, -7.8322135739774621e-03,
       9.9996514474258413e-01, 2.8923572521885547e-03,
       -1.2502434090307258e-03, -2.9022361420792207e-03,
       9.9999500694593157e-01 ]
TranslationMatrix: !!opencv-matrix
   rows: 3
   cols: 1
   dt: d
   data: [ -4.9878107729252283e+00, 2.7102063552139385e-02,
       -1.4403851586927577e-01 ]
EssentialMatrix: !!opencv-matrix
   rows: 3
   cols: 3
   dt: d
   data: [ -1.1620245954941039e-03, 1.4395483878136139e-01,
       2.7518539076039680e-02, -1.5026996285009386e-01,
       -1.5603418616372187e-02, 4.9876025174581926e+00,
       1.1964388151796415e-02, -4.9878490915818174e+00,
       -1.4461029712099074e-02 ]
FundamentalMatrix: !!opencv-matrix
   rows: 3
   cols: 3
   dt: d
   data: [ 5.8162556099820370e-09, -7.1985476576491279e-07,
       1.5439723478348315e-04, 7.5207929254752254e-07,
       7.8019230935857804e-08, -3.5672009605216985e-02,
       -4.6689079076341999e-04, 3.5357821632949364e-02, 1. ]
VectorOfRotationVectors: !!opencv-matrix
   rows: 38
   cols: 1
   dt: "3d"
   data: [ -2.2331893620113277e-01, 4.4325616732560011e-02,
       -2.1842188304706966e-02, -7.6595005874729241e-02,
       -1.1245393664156468e-01, -8.7618251703010294e-03,
       -8.6215013733512147e-02, -6.7596315018648670e-02,
       -1.6028170956095201e-02, -8.5577738661005154e-02,
       -7.0903256545005899e-02, 5.8689440170965985e-03,
       -4.7140410299659007e-02, 5.1528993697039123e-02,
       -1.5021617560283730e-02, -1.2581576575260017e-02,
       -2.8746866359419954e-01, -2.1510298316265747e-02,
       1.4780928595936958e-02, 2.8337378676068770e-01,
       6.1818013386395809e-02, 3.4080016987604017e-02,
       6.5406534588285617e-02, 9.3860937865311550e-02,
       -4.2527994068322578e-01, -2.1482643163995005e-01,
       -3.5943372645009880e-02, 1.1606607833398283e-01,
       -1.6686455093341052e-01, -1.5940438864546377e-01,
       8.7358136939176961e-02, 3.0503029127106707e-01,
       -3.0371510317019231e-02, 5.1448466387229851e-02,
       -3.3397025250861967e-01, -2.9872274240898136e-02,
       2.3087704978851120e-01, 2.6802605701194404e-01,
       9.3847743357429545e-03, 2.3101131077793374e-01,
       -1.4645060762538292e-01, -2.3601440911791793e-02,
       3.3825397830259113e-01, -2.5181356815405627e-02,
       -1.3438677976830191e-02, 1.2971385239509495e-01,
       -5.4040260503821158e-01, -6.4097054802687153e-02,
       1.1549668149756549e-01, 4.9506691953788734e-01,
       -2.4908827273741066e-02, 6.8661284900704375e-02,
       1.5665125945197475e-01, -4.7447922922206363e-02,
       1.2618433815167140e-01, 6.5061710122702698e-01,
       -2.4503190022659126e-02, 3.1227054219036605e-02,
       -7.5280154683413869e-01, -1.9793754777093772e-01,
       5.1698636515152552e-01, 1.0348248029816177e-01,
       -2.9477138068339603e-01, -3.9967078932625202e-02,
       1.4723470705383632e-01, -1.3179700553902329e-01,
       5.9107701752519885e-02, -3.2478374065532861e-01,
       3.1465092432828301e-02, -7.5897387765467266e-03,
       2.4845613592696966e-01, -5.9622740550855889e-03,
       5.3907956915046784e-01, -5.5324652094640048e-01,
       2.5586341148410513e-01, -6.1364185729687402e-02,
       3.2215546044669813e-01, 7.9849534044388437e-02,
       8.3414042570329177e-03, -6.1449062774644658e-01,
       1.5765443575907087e-01, -4.3098845323356325e-02,
       3.1817343065283599e-01, 1.1892943107807460e-01,
       4.6141555195680674e-02, -2.9270429276452059e-01,
       5.2358550898830333e-02, -3.9956217578806803e-02,
       6.4042374117460843e-01, 8.9266810137574953e-02,
       8.0857081386671437e-01, -1.4245283617280366e-01,
       1.1983400546565201e-01, -2.1369658634496960e-01,
       -5.9951189819224049e-01, -6.9286516953214292e-02,
       5.4872562121705756e-02, -8.9443345313709310e-01,
       -5.4224489153100651e-02, 1.7854714958315393e-02,
       7.2700986516216692e-01, -1.0753045693164898e-02,
       2.0861074847167007e-02, 1.3778350768252193e-01,
       3.9323773368870690e-02, 1.6985338325875565e-01,
       -2.2751545698296097e-01, 8.7815043398547940e-02,
       2.8056055798933270e-02, -5.3018502987180982e-01,
       1.6862323998328207e-01, -7.0095389878163305e-03,
       7.5332713843850518e-01, 9.0956599923701975e-02 ]
