%YAML:1.0
---
cameraMatrixL: !!opencv-matrix
   rows: 3
   cols: 3
   dt: d
   data: [ 1.4039304196967612e+03, 0., 7.5562177222823470e+02, 0.,
       1.4055408673962693e+03, 4.9228575699823421e+02, 0., 0., 1. ]
cameraMatrixR: !!opencv-matrix
   rows: 3
   cols: 3
   dt: d
   data: [ 1.3958452995565049e+03, 0., 7.6796308156355929e+02, 0.,
       1.3962326280188038e+03, 5.0467576036485337e+02, 0., 0., 1. ]
DistorsionCoeffsL: !!opencv-matrix
   rows: 1
   cols: 5
   dt: d
   data: [ -1.9083027104233136e-01, 2.0838003801659519e-01,
       1.3062927890137388e-03, 2.4614813548416966e-03,
       -1.6537251335119882e-01 ]
DistorsionCoeffsR: !!opencv-matrix
   rows: 1
   cols: 5
   dt: d
   data: [ -1.7513645975788808e-01, 1.2516144212792538e-01,
       8.0623861921953809e-04, 4.4477812774562815e-04,
       -5.8870297677046664e-02 ]
RotationMatrix: !!opencv-matrix
   rows: 3
   cols: 3
   dt: d
   data: [ 9.9996856884436502e-01, 7.8219989316455369e-03,
       1.2952436318411202e-03, -7.8273005659473312e-03,
       9.9996079625439238e-01, 4.1399661993687335e-03,
       -1.2628100422507973e-03, -4.1499743366593383e-03,
       9.9999059146764091e-01 ]
TranslationMatrix: !!opencv-matrix
   rows: 3
   cols: 1
   dt: d
   data: [ -4.9867513764208802e+00, 2.8579705062195575e-02,
       -1.5409455568226110e-01 ]
EssentialMatrix: !!opencv-matrix
   rows: 3
   cols: 3
   dt: d
   data: [ -1.2422351414582713e-03, 1.5396990955594322e-01,
       2.9217382421146989e-02, -1.6038703202865123e-01,
       -2.1900217685366326e-02, 4.9865048684172395e+00,
       1.0453995101860026e-02, -4.9867794275109736e+00,
       -2.0681999824019658e-02 ]
FundamentalMatrix: !!opencv-matrix
   rows: 3
   cols: 3
   dt: d
   data: [ 6.1631723756783405e-09, -7.6302446841727010e-07,
       1.6745828292833671e-04, 7.9551662541016269e-07,
       1.0850020226894399e-07, -3.5377890635716266e-02,
       -4.7860796568828496e-04, 3.5026527656295617e-02, 1. ]
VectorOfRotationVectors: !!opencv-matrix
   rows: 38
   cols: 1
   dt: "3d"
   data: [ -2.2287872411482032e-01, 4.4913477633562439e-02,
       -2.1603874190593897e-02, -7.6467586616895358e-02,
       -1.1176573870360716e-01, -8.8905093335574798e-03,
       -8.5861305725152839e-02, -6.7098823137544825e-02,
       -1.6026185731208911e-02, -8.4983509518501851e-02,
       -7.0176241239085585e-02, 5.6720202594913380e-03,
       -4.6084261210624144e-02, 5.2072628190653406e-02,
       -1.4960381898936587e-02, -1.1474194477513191e-02,
       -2.8674367769427728e-01, -2.1889823016984052e-02,
       1.6019311418446276e-02, 2.8399207854131914e-01,
       6.2044555524919560e-02, 3.2858884302483016e-02,
       6.5158976897471507e-02, 9.3992537809003490e-02,
       -4.2425555832162143e-01, -2.1369481955564959e-01,
       -3.5808579078441920e-02, 1.1656575739856780e-01,
       -1.6682207787934969e-01, -1.5988508547404753e-01,
       8.8683595086575265e-02, 3.0535481273303106e-01,
       -3.0235226072078375e-02, 5.2569468315821148e-02,
       -3.3007222874714826e-01, -3.0710538371988321e-02,
       2.3305114756423001e-01, 2.6839203991606325e-01,
       9.5290126010361478e-03, 2.3217747995755411e-01,
       -1.4431378115826407e-01, -2.3804343213042384e-02,
       3.3987418156880250e-01, -2.4355875111724684e-02,
       -1.3648291298145009e-02, 1.3113893695603196e-01,
       -5.3883226855376976e-01, -6.4720336107442170e-02,
       1.1800171720754989e-01, 4.9640301872379622e-01,
       -2.4562060419080295e-02, 6.7901918295089167e-02,
       1.5405232009721481e-01, -4.7651139219512910e-02,
       1.2946754864142104e-01, 6.5113077922312501e-01,
       -2.3917225458467237e-02, 3.3209395895008820e-02,
       -7.5115833081718919e-01, -1.9877195013629659e-01,
       5.1894926808292330e-01, 1.0558205422631901e-01,
       -2.9503440369336303e-01, -3.8205720916464556e-02,
       1.4666250252763044e-01, -1.3087635821362353e-01,
       5.8178853586991472e-02, -3.2201785646623227e-01,
       3.1659435796936440e-02, -7.0099590820241900e-03,
       2.4960451679187112e-01, -5.3731387012046512e-03,
       5.4218396108790279e-01, -5.5128119151436950e-01,
       2.5508782556050846e-01, -6.0205342280170819e-02,
       3.2270101673220425e-01, 8.0499419374931644e-02,
       8.9512381473301483e-03, -6.1273960711204922e-01,
       1.5682333120075800e-01, -4.2073830150056390e-02,
       3.1986035305723026e-01, 1.1988436289200269e-01,
       4.8073581676333889e-02, -2.9105586470616296e-01,
       5.2076835223167889e-02, -3.8245735943207931e-02,
       6.4112007122956327e-01, 9.0164159826698786e-02,
       8.1132355543996726e-01, -1.4169698470924369e-01,
       1.1950983268446190e-01, -2.1229958044921410e-01,
       -5.9734259325144856e-01, -6.9573582231831438e-02,
       5.8053876545091823e-02, -8.9217216315099657e-01,
       -5.5156336672060692e-02, 1.9771068192046069e-02,
       7.2791120784828933e-01, -9.9169756266917868e-03,
       2.1765228348191289e-02, 1.3686893578227591e-01,
       3.9372984452809005e-02, 1.6966469628226233e-01,
       -2.2485601553731574e-01, 8.7743111156193501e-02,
       2.9344194454627010e-02, -5.2901749356500694e-01,
       1.6801253768198049e-01, -3.8017515453285648e-03,
       7.5478594162869772e-01, 9.1363469167419623e-02 ]
