%YAML:1.0
---
cameraMatrix: !!opencv-matrix
   rows: 3
   cols: 3
   dt: d
   data: [ 2.0042569639452543e+03, 0., 6.5095728727871210e+02, 0.,
       2.0070126096373212e+03, 4.4659018720719541e+02, 0., 0., 1. ]
distCoeffs: !!opencv-matrix
   rows: 1
   cols: 5
   dt: d
   data: [ -3.8250215869404003e-01, 2.2971429678284780e-01,
       -6.5130828856504444e-04, -7.4595514530442157e-04,
       -4.6694219871163956e-01 ]
PerViewErrors: !!opencv-matrix
   rows: 27
   cols: 1
   dt: d
   data: [ 3.5117581746793736e-01, 3.1315535492010832e-01,
       4.0963930907630480e-01, 3.5072504027691093e-01,
       4.2615839411172934e-01, 3.8610351299263695e-01,
       4.1392105596877082e-01, 4.0920060493823734e-01,
       3.2171666573768193e-01, 3.1251293781120076e-01,
       2.3189625912350020e-01, 3.4666043354599063e-01,
       3.4258950763144236e-01, 4.7121999163846223e-01,
       3.7314009141982990e-01, 4.3720668334970758e-01,
       4.4046249064787513e-01, 2.9566099727305828e-01,
       3.1620144659219446e-01, 4.1476938833504379e-01,
       4.4733583329738519e-01, 2.6381680928697870e-01,
       2.7550505858083613e-01, 3.6119314925476886e-01,
       3.6119164789432184e-01, 2.3780957704315359e-01,
       2.9524779199608153e-01 ]
STDIntrinsics: !!opencv-matrix
   rows: 18
   cols: 1
   dt: d
   data: [ 1.7838281409402768e+01, 1.6739109703932002e+01,
       1.7297542830989492e+01, 1.1708985277917789e+01,
       3.2012031213553366e-02, 4.4719383423309234e-01,
       1.0067327891894063e-03, 1.3391324788746123e-03,
       2.2864387922429326e+00, 0., 0., 0., 0., 0., 0., 0., 0., 0. ]
STDExtrinsics: !!opencv-matrix
   rows: 162
   cols: 1
   dt: d
   data: [ 7.9248540902012027e-03, 1.0042739274429916e-02,
       1.3056694491862136e-03, 2.5605509503846818e-01,
       1.7569501778051042e-01, 2.8160933298576124e-01,
       7.4359763688318778e-03, 9.1363378743263227e-03,
       1.2039619456238179e-03, 2.8418465715523744e-01,
       1.9268370563289855e-01, 2.8175039916186939e-01,
       6.3346995551307982e-03, 8.8294010270843527e-03,
       1.4526651430673424e-03, 2.7785002108199486e-01,
       1.8876917529946605e-01, 2.5866800206735235e-01,
       6.9100292818728756e-03, 9.7136586790872743e-03,
       1.2829998257272101e-03, 2.6032978127826251e-01,
       1.7711694138372328e-01, 2.5295698848321108e-01,
       7.3797280168564029e-03, 1.0204045414980380e-02,
       1.7155273719149664e-03, 2.5178587894996673e-01,
       1.7174234641609257e-01, 2.6540175783343772e-01,
       6.5158906666029671e-03, 9.2696910345152865e-03,
       1.4642964967459488e-03, 2.7995414246789702e-01,
       1.9038676759949283e-01, 2.6221085910860686e-01,
       6.5699655774053662e-03, 9.7850121821014043e-03,
       1.5868138291189205e-03, 2.8244570554410287e-01,
       1.9288279433999486e-01, 2.7229654017690014e-01,
       6.6308944319293109e-03, 9.9351808948227836e-03,
       1.5867691727222532e-03, 2.8331037472765047e-01,
       1.9365857254298405e-01, 2.7538517664557477e-01,
       7.9142671529637519e-03, 9.7376634534794317e-03,
       1.4639073602646685e-03, 2.8368489058368379e-01,
       1.9563135165580045e-01, 2.9285535389683914e-01,
       8.1579176987338076e-03, 9.8338026671098266e-03,
       1.4277459374892889e-03, 2.8292883785661255e-01,
       1.9509851591960528e-01, 2.9269646370988833e-01,
       8.9618594663307769e-03, 1.0614646561675836e-02,
       1.3711523527128939e-03, 2.6093088543065956e-01,
       1.7752120478993486e-01, 2.7447138542442867e-01,
       7.1344937884994008e-03, 9.3650137985505730e-03,
       1.4546070344598693e-03, 2.5915272441972903e-01,
       1.7766616395293025e-01, 2.6485608662268856e-01,
       7.2890039111930876e-03, 9.4159241897780882e-03,
       1.4385081061846455e-03, 2.6016800859453659e-01,
       1.7832020075495361e-01, 2.6572275901867309e-01,
       6.9830543975721400e-03, 1.0022611111992734e-02,
       2.1161510059127600e-03, 2.5499096356183942e-01,
       1.7612419121649525e-01, 2.7789203835076709e-01,
       6.7359707719099422e-03, 9.8709329905601207e-03,
       1.4476332498481945e-03, 2.6164989951655254e-01,
       1.7930809990850255e-01, 2.6475068697284410e-01,
       6.3430963239271762e-03, 9.5498075920537554e-03,
       1.6429567625263989e-03, 2.7501948023935219e-01,
       1.8827566468605844e-01, 2.6840016250711196e-01,
       6.3182590420539763e-03, 9.4494133303061056e-03,
       1.6722721666298144e-03, 2.8008446732361297e-01,
       1.9168812405406874e-01, 2.7144719013079860e-01,
       7.5281028392451699e-03, 9.3645993043107376e-03,
       1.2467002146041119e-03, 2.6354756662237089e-01,
       1.8005315317383114e-01, 2.6681395712736761e-01,
       7.3068035110621767e-03, 9.0058151537955808e-03,
       1.3018983374294818e-03, 2.6152310525576611e-01,
       1.7847600773150232e-01, 2.6587840047568378e-01,
       6.8355456722845659e-03, 9.9225615543809716e-03,
       1.9480543986497248e-03, 2.8302108310482155e-01,
       1.9351859573202640e-01, 2.9602162540790383e-01,
       6.9704722451379023e-03, 9.6195473051438329e-03,
       1.7954543436726228e-03, 2.5309457094345444e-01,
       1.7395403344502169e-01, 2.7385158678088006e-01,
       7.8657273246096632e-03, 1.0596422228009220e-02,
       1.0794867677786418e-03, 2.5589660767573918e-01,
       1.7322865713350993e-01, 2.5793706582394854e-01,
       7.5941271277008074e-03, 1.0609567873199362e-02,
       1.0862364097222327e-03, 2.5973929683692892e-01,
       1.7567747072024073e-01, 2.6049325321117528e-01,
       6.7362480319358396e-03, 9.0657915441239509e-03,
       1.3575013197637737e-03, 2.7439331002678069e-01,
       1.8529070375657405e-01, 2.6560760065890171e-01,
       6.7605661869367733e-03, 8.9601394090230695e-03,
       1.2678901694270653e-03, 2.6124987674698930e-01,
       1.7755170530147207e-01, 2.6003389658682335e-01,
       1.0022731407882330e-02, 1.1946885721777694e-02,
       7.7557024685235188e-04, 2.5919043752119442e-01,
       1.7581192225789460e-01, 2.5822375306064344e-01,
       7.6655873384330973e-03, 9.2266148224325224e-03,
       1.2269132372345439e-03, 2.8525573841329377e-01,
       1.9331196548616633e-01, 2.8552063928514138e-01 ]
