%YAML:1.0
---
cameraMatrix: !!opencv-matrix
   rows: 3
   cols: 3
   dt: d
   data: [ 1.9980601764814867e+03, 0., 6.5234660412759308e+02, 0.,
       2.0022484947307257e+03, 4.4476662626905198e+02, 0., 0., 1. ]
distCoeffs: !!opencv-matrix
   rows: 1
   cols: 5
   dt: d
   data: [ -3.9843832128317175e-01, 2.9343788118845343e-01,
       -1.8771440171214980e-04, -1.1286012906567143e-03,
       -3.4816648977125447e-01 ]
PerViewErrors: !!opencv-matrix
   rows: 27
   cols: 1
   dt: d
   data: [ 3.5830404182715642e-01, 3.1031464977138340e-01,
       4.0566842743132570e-01, 3.5171200071738606e-01,
       4.1572042265663856e-01, 3.7717403525625565e-01,
       4.0196656892776128e-01, 4.0252454314686897e-01,
       3.2605299647689123e-01, 3.1353514940297467e-01,
       2.3454878808273008e-01, 3.4460554753973455e-01,
       3.4269238802930979e-01, 4.6781936503473298e-01,
       3.6269745333586534e-01, 4.2659964723390037e-01,
       4.2949495395755966e-01, 3.0564917439320322e-01,
       3.1453283525769643e-01, 4.1231992303597342e-01,
       4.4367279666968190e-01, 9.1008823547955697e-01,
       2.7088438168262796e-01, 3.5383985008595853e-01,
       3.6092598331973591e-01, 2.2929131130384875e-01,
       2.9465924488432732e-01 ]
STDIntrinsics: !!opencv-matrix
   rows: 18
   cols: 1
   dt: d
   data: [ 1.9424118714828765e+01, 1.8265029838986891e+01,
       1.9053065715894796e+01, 1.2705131500082883e+01,
       3.4768695354853239e-02, 4.7747430479072500e-01,
       1.1090438850199964e-03, 1.4975360072258979e-03,
       2.4005044576248955e+00, 0., 0., 0., 0., 0., 0., 0., 0., 0. ]
STDExtrinsics: !!opencv-matrix
   rows: 162
   cols: 1
   dt: d
   data: [ 8.5115009088695785e-03, 1.0980365468970877e-02,
       1.4542526973325256e-03, 2.8164502715250284e-01,
       1.9041746862331280e-01, 3.0718343362910439e-01,
       8.0930338926283475e-03, 1.0115750371028888e-02,
       1.3206957768527913e-03, 3.1318593980857107e-01,
       2.0902085519504962e-01, 3.0739214084219230e-01,
       6.8848761966481134e-03, 9.7701594152796410e-03,
       1.5776301493640179e-03, 3.0626209778114294e-01,
       2.0478125580959056e-01, 2.8214381951824574e-01,
       7.5510469656581538e-03, 1.0693354673604620e-02,
       1.3977339817237931e-03, 2.8688623416594677e-01,
       1.9208093616277050e-01, 2.7581585315184076e-01,
       8.0810396440439986e-03, 1.1248063912543323e-02,
       1.8992183939255079e-03, 2.7720692516014961e-01,
       1.8624417440109908e-01, 2.8896401621131240e-01,
       7.0830375545868473e-03, 1.0246144801118618e-02,
       1.5951939984190334e-03, 3.0847405228864838e-01,
       2.0647924849034588e-01, 2.8593048567034890e-01,
       7.1289178690627552e-03, 1.0793729114563604e-02,
       1.7248401155658050e-03, 3.1109439076808831e-01,
       2.0921514319860535e-01, 2.9721696283181215e-01,
       7.1895253002888897e-03, 1.0949495637943169e-02,
       1.7231969092372176e-03, 3.1199352953237763e-01,
       2.1005397313645205e-01, 3.0066304290104140e-01,
       8.5153379872221786e-03, 1.0694204749605835e-02,
       1.6172879529729408e-03, 3.1232787097672010e-01,
       2.1215361673707997e-01, 3.1934729207526807e-01,
       8.7753613053463252e-03, 1.0792578885154452e-02,
       1.5764781834329449e-03, 3.1147143496016250e-01,
       2.1156463113577106e-01, 3.1913150315013084e-01,
       9.8001460487032507e-03, 1.1692825141637398e-02,
       1.5039703021152012e-03, 2.8710728343899272e-01,
       1.9247291651443998e-01, 2.9987675598458513e-01,
       7.8416248441288694e-03, 1.0360881373268257e-02,
       1.5863953505624358e-03, 2.8528449150758306e-01,
       1.9273407848419635e-01, 2.8911905397044435e-01,
       8.0122869630505546e-03, 1.0418011197745023e-02,
       1.5704306189499124e-03, 2.8638704568162227e-01,
       1.9344341252318034e-01, 2.9010531787911847e-01,
       7.6098574713767105e-03, 1.1060151846026437e-02,
       2.3419563377646119e-03, 2.8060493559004140e-01,
       1.9097425045299327e-01, 3.0277226835311027e-01,
       7.3761288469525515e-03, 1.0890042609793893e-02,
       1.5858288331057682e-03, 2.8818601966934737e-01,
       1.9451066439247391e-01, 2.8920173147615064e-01,
       6.9304383320511658e-03, 1.0550352125828229e-02,
       1.7831340884695947e-03, 3.0308047198436994e-01,
       2.0431391251143582e-01, 2.9318849973492206e-01,
       6.8989805978461657e-03, 1.0444760426137697e-02,
       1.8143112650257595e-03, 3.0866657743134035e-01,
       2.0800521318767898e-01, 2.9643200394068148e-01,
       8.2177168958113000e-03, 1.0311069757173715e-02,
       1.3620862357379289e-03, 2.9046338881458494e-01,
       1.9535819728332515e-01, 2.9119089517683305e-01,
       7.9681130772820945e-03, 9.9308618688947903e-03,
       1.4230385765726934e-03, 2.8826234128144262e-01,
       1.9369327180490600e-01, 2.9029225647760415e-01,
       7.4670580024961634e-03, 1.0980661854088886e-02,
       2.1404301723954903e-03, 3.1167207241099232e-01,
       2.0979840703013200e-01, 3.2304553959814214e-01,
       7.6216513440675393e-03, 1.0576084794568086e-02,
       1.9959509152956000e-03, 2.7850742265005651e-01,
       1.8854526515713385e-01, 2.9843112475920863e-01,
       8.9283317783341778e-03, 1.1857712448595958e-02,
       1.1586070175738077e-03, 2.8352741601065773e-01,
       1.8888070796724354e-01, 2.8303428817706600e-01,
       8.3161789872447465e-03, 1.1666662340000857e-02,
       1.1879791416822868e-03, 2.8616563387344185e-01,
       1.9045956060883124e-01, 2.8453312820230864e-01,
       7.3554972065617060e-03, 1.0035471542420571e-02,
       1.4779782487592873e-03, 3.0234760006974598e-01,
       2.0090616260468169e-01, 2.8998017948443200e-01,
       7.3874052201794473e-03, 9.8869794540185317e-03,
       1.3882811217477769e-03, 2.8785855314188435e-01,
       1.9259214335015262e-01, 2.8399599024541872e-01,
       1.1087453666028098e-02, 1.3139120881312282e-02,
       8.4372810638952314e-04, 2.8569475040296788e-01,
       1.9075721177473512e-01, 2.8204774821550543e-01,
       8.3311938007725635e-03, 1.0217528028146775e-02,
       1.3503441411541453e-03, 3.1431811632344492e-01,
       2.0967711838698297e-01, 3.1138224072735388e-01 ]
