%YAML:1.0
---
cameraMatrix: !!opencv-matrix
   rows: 3
   cols: 3
   dt: d
   data: [ 8.6795495540132015e+02, 0., 6.3309174464062346e+02, 0.,
       8.6978352606034662e+02, 4.7903515739300587e+02, 0., 0., 1. ]
distCoeffs: !!opencv-matrix
   rows: 1
   cols: 5
   dt: d
   data: [ -3.2339168520356970e-01, 1.6926886138009389e-01,
       7.0208617965958765e-04, 6.6875447234629557e-04,
       -5.5609891373818651e-02 ]
PerViewErrors: !!opencv-matrix
   rows: 85
   cols: 1
   dt: d
   data: [ 2.7746983280886767e-01, 2.8843989269150155e-01,
       2.6917145187899705e-01, 2.8836499365071777e-01,
       2.8700520948536895e-01, 2.6542111369121002e-01,
       2.7433385800101467e-01, 2.7633549758427500e-01,
       2.6701638663431104e-01, 2.6585340744715008e-01,
       2.8699558079760201e-01, 2.7595310175105470e-01,
       2.7860030232582439e-01, 2.7657067947599823e-01,
       2.7502106106659130e-01, 3.1808730807512764e-01,
       3.0378333483092729e-01, 2.9870616189925842e-01,
       3.0281406518974913e-01, 2.9088428603364785e-01,
       2.8214520664180587e-01, 2.7802689033214234e-01,
       2.8478477594767587e-01, 2.9219318677859335e-01,
       2.8573147369290863e-01, 1.7264004130741326e-01,
       1.5997030318422964e-01, 1.7073862698575498e-01,
       1.5875733771338005e-01, 1.5311139257101949e-01,
       1.7298603725815581e-01, 1.7903840217931521e-01,
       1.8145513505889468e-01, 1.7969123290638131e-01,
       1.7710745026084718e-01, 1.3632866475516725e-01,
       1.2350671119049181e-01, 1.2868117562734258e-01,
       1.2772011419234836e-01, 1.3253935177081361e-01,
       1.1263569877643599e-01, 1.2130183370297229e-01,
       1.1707002630690491e-01, 1.1989804704479609e-01,
       1.1378427370822189e-01, 1.5182304594162635e-01,
       1.4279314838487039e-01, 1.8143331273582131e-01,
       2.0505560081954616e-01, 2.0796559579687340e-01,
       1.8965421721375056e-01, 2.7668164035987414e-01,
       1.3787949725608376e-01, 2.3606890180223089e-01,
       2.3838328538607675e-01, 1.6383304006193447e-01,
       1.4914355394137913e-01, 2.1235329146244153e-01,
       2.2364603107504807e-01, 1.8854492171773871e-01,
       1.4816338309562765e-01, 1.8290558838898180e-01,
       1.8238943166493840e-01, 1.2913287281479457e-01,
       1.3340751261775818e-01, 1.3158844699140565e-01,
       1.5713848830388286e-01, 1.9427364910255526e-01,
       2.8613796837596367e-01, 1.7745211644270828e-01,
       1.3979874672460429e-01, 1.2708817399083264e-01,
       1.5051840043445172e-01, 1.4624691905058693e-01,
       2.9021915159274209e-01, 1.6711248248281779e-01,
       1.5661430963613562e-01, 3.0063153042247287e-01,
       3.0175413877366264e-01, 2.8611176445511294e-01,
       2.9863813538342820e-01, 2.9557777286054110e-01,
       2.8681016062345355e-01, 2.9534736255406630e-01,
       2.9185927896405683e-01 ]
STDIntrinsics: !!opencv-matrix
   rows: 18
   cols: 1
   dt: d
   data: [ 1.4153249417096074e+00, 1.3795058564197740e+00,
       6.9883751552316309e-01, 5.9534715872230659e-01,
       1.3727609252748654e-03, 2.0785492136218141e-03,
       1.1527544885470454e-04, 1.4934093916871876e-04,
       1.3857962671513409e-03, 0., 0., 0., 0., 0., 0., 0., 0., 0. ]
STDExtrinsics: !!opencv-matrix
   rows: 510
   cols: 1
   dt: d
   data: [ 8.7973987090367626e-04, 9.6682772544827965e-04,
       2.7146518982689593e-04, 1.1066057544169760e-02,
       8.8208375399111607e-03, 2.0338980645499206e-02,
       8.8084544091622703e-04, 9.6521333133083303e-04,
       2.6906693095538872e-04, 1.1014898944747659e-02,
       8.7868820633686048e-03, 2.0254353236748707e-02,
       8.7811455253544843e-04, 9.6365206763475647e-04,
       2.7025079343356455e-04, 1.1010749050353126e-02,
       8.7759711937549188e-03, 2.0224735428685730e-02,
       8.8218334486974879e-04, 9.6663275882890405e-04,
       2.7039834111689155e-04, 1.1055817953837562e-02,
       8.8179264810487150e-03, 2.0329175728922788e-02,
       8.7798213086015119e-04, 9.6376807638318997e-04,
       2.7084585987066016e-04, 1.1023291773451151e-02,
       8.7851326356045544e-03, 2.0242334180674112e-02,
       9.7908291055557976e-04, 1.0196407870872099e-03,
       2.2712643470915921e-04, 1.0662145943460965e-02,
       8.9896368067233952e-03, 2.1445212149974115e-02,
       9.8288763811311551e-04, 1.0210670050276086e-03,
       2.2652902457221877e-04, 1.0674120186272652e-02,
       9.0000497574043159e-03, 2.1464746757837716e-02,
       9.9026360119142077e-04, 1.0252263879029174e-03,
       2.2651752485249380e-04, 1.0728727675414490e-02,
       9.0467289528166923e-03, 2.1581078409115804e-02,
       9.9724112068585026e-04, 1.0284454247403666e-03,
       2.2582214513575596e-04, 1.0756375677793865e-02,
       9.0714146213025752e-03, 2.1644593832466103e-02,
       9.9473044782022804e-04, 1.0257398090071754e-03,
       2.2486007319735769e-04, 1.0706175981771445e-02,
       9.0288823857173663e-03, 2.1537197916544095e-02,
       1.3690141983896224e-03, 1.1525504170124578e-03,
       2.4663181034400043e-04, 1.0769406320642000e-02,
       9.2557431853711371e-03, 2.1008325798964580e-02,
       1.3776296720566313e-03, 1.1562468224202561e-03,
       2.4722175745085936e-04, 1.0786205907789769e-02,
       9.2720150574734754e-03, 2.1062467729186320e-02,
       1.3916228864726599e-03, 1.1648857537112868e-03,
       2.4890921932324198e-04, 1.0851024440234990e-02,
       9.3293953892601787e-03, 2.1201798747338612e-02,
       1.3862190103005986e-03, 1.1597548144776241e-03,
       2.4764365810978133e-04, 1.0806487573249280e-02,
       9.2932150609254804e-03, 2.1138096399747706e-02,
       1.3988717373659859e-03, 1.1660092995507117e-03,
       2.4872638187239851e-04, 1.0852173669432663e-02,
       9.3352432491899361e-03, 2.1236802518408534e-02,
       1.6184440733105251e-03, 1.3154491479257257e-03,
       2.5809521328818314e-04, 1.1905285860165772e-02,
       1.0119467950126962e-02, 2.3570914264879426e-02,
       1.6071002253917122e-03, 1.3076128534535072e-03,
       2.5838230572538645e-04, 1.1855169301453337e-02,
       1.0073242848728316e-02, 2.3410035885906729e-02,
       1.6076472297203001e-03, 1.3075798642912834e-03,
       2.5754891624377190e-04, 1.1867541000402762e-02,
       1.0082057149011470e-02, 2.3435215687791326e-02,
       1.6045620435182946e-03, 1.3059108334932013e-03,
       2.5932285863506521e-04, 1.1856827914181942e-02,
       1.0069957665061162e-02, 2.3363654142208992e-02,
       1.6010785121476140e-03, 1.3024646885356054e-03,
       2.5958080777629023e-04, 1.1817810341145414e-02,
       1.0036856927978706e-02, 2.3304251636456205e-02,
       8.2959297328405858e-04, 9.4356584160282567e-04,
       2.5736284109189537e-04, 9.5188890793510179e-03,
       7.9746080476190175e-03, 1.9680376407796702e-02,
       8.2670113395436138e-04, 9.3979303638889718e-04,
       2.5410601932556251e-04, 9.3797457969280133e-03,
       7.8569924039422444e-03, 1.9378603328123103e-02,
       8.2651120488441818e-04, 9.4132680027647620e-04,
       2.5573411135502717e-04, 9.4245027266055791e-03,
       7.8968995050410547e-03, 1.9488732829151173e-02,
       8.3070725405638940e-04, 9.4389074071938011e-04,
       2.5608201105632093e-04, 9.5080366143254283e-03,
       7.9663708190303127e-03, 1.9651175578920224e-02,
       8.3194773085996671e-04, 9.4347181730648235e-04,
       2.5549382606195688e-04, 9.5045953599797763e-03,
       7.9640070017690454e-03, 1.9645731692674234e-02,
       6.2594487614440805e-03, 5.6302623093373513e-03,
       6.5729540746035985e-04, 3.4853258616336494e-02,
       2.9799928050083663e-02, 8.4137110763600365e-02,
       6.7572640143607606e-03, 5.9989293288273404e-03,
       6.6086368959791960e-04, 3.4969469230962655e-02,
       2.9900853544172941e-02, 8.5407718324530799e-02,
       6.9683602756475697e-03, 6.1436188678399908e-03,
       6.5590286735563077e-04, 3.4936007978276250e-02,
       2.9892706758020689e-02, 8.6144261546745871e-02,
       7.7103727580871591e-03, 6.6556274962755874e-03,
       6.5950110358116605e-04, 3.5044253007867399e-02,
