%YAML:1.0
---
cameraMatrix: !!opencv-matrix
   rows: 3
   cols: 3
   dt: d
   data: [ 8.6951370959414521e+02, 0., 6.6019442399939646e+02, 0.,
       8.6957216179895045e+02, 4.8135178195731044e+02, 0., 0., 1. ]
distCoeffs: !!opencv-matrix
   rows: 1
   cols: 5
   dt: d
   data: [ -3.2121259978590044e-01, 1.6773922418001128e-01,
       -5.4894859709327928e-04, -4.4602310820162641e-04,
       -5.8637080360201474e-02 ]
PerViewErrors: !!opencv-matrix
   rows: 47
   cols: 1
   dt: d
   data: [ 3.7029354059381897e-01, 3.4199896716135320e-01,
       3.6283291089623476e-01, 3.3815618527914548e-01,
       3.3916058463458998e-01, 2.8628875712460822e-01,
       3.1400668313322627e-01, 3.0872303185188132e-01,
       2.7875552813477367e-01, 2.3416506010405005e-01,
       1.9837497492995551e-01, 1.8865231515391714e-01,
       2.0801821592833117e-01, 2.1330603340081064e-01,
       2.2958213330767288e-01, 2.1332827199877782e-01,
       2.2744546017388670e-01, 1.9750609007413839e-01,
       2.1915099254239048e-01, 2.0437593640424251e-01,
       1.6090768889900059e-01, 1.6576787037373067e-01,
       1.7292220887935439e-01, 1.6408149168546118e-01,
       1.6867887597586168e-01, 1.7356050348786536e-01,
       1.6941229110121583e-01, 1.7722634661816392e-01,
       1.5669122436868951e-01, 1.6495560973007994e-01,
       1.6399172222515770e-01, 1.5947095942181505e-01,
       1.5701931664743757e-01, 1.6749791913203771e-01,
       1.7051760007800373e-01, 1.6136927042648380e-01,
       1.9528699931669052e-01, 2.1075593800703812e-01,
       1.8625191057836543e-01, 1.8806012093282998e-01,
       1.8292506233785269e-01, 2.1307537820063197e-01,
       2.3016538430565639e-01, 1.9803175006759988e-01,
       1.6540054049955866e-01, 4.3490963613842959e-01,
       4.2756951046553615e-01 ]
STDIntrinsics: !!opencv-matrix
   rows: 18
   cols: 1
   dt: d
   data: [ 1.2320703261802732e+00, 1.2158103882938445e+00,
       1.0180637525939740e+00, 8.2160860930135626e-01,
       1.4162496155316637e-03, 3.7736139736516882e-03,
       1.2428277641540059e-04, 1.1799382029384982e-04,
       3.0463919228034021e-03, 0., 0., 0., 0., 0., 0., 0., 0., 0. ]
STDExtrinsics: !!opencv-matrix
   rows: 282
   cols: 1
   dt: d
   data: [ 1.3839797902505944e-03, 1.3293738875614495e-03,
       2.9378370731908177e-04, 1.3819718373521927e-02,
       1.1178050017831421e-02, 1.8391433084836657e-02,
       1.3698469466642443e-03, 1.3072178121277245e-03,
       2.5127592707568653e-04, 1.7683921180703697e-02,
       1.4396893943896972e-02, 2.1028491997608142e-02,
       1.2280449578617393e-03, 1.2916841413196374e-03,
       2.8286621975152562e-04, 1.6458899804469566e-02,
       1.3332477607658948e-02, 2.0296746798496391e-02,
       1.1563661668981353e-03, 1.2051260646703079e-03,
       2.5154323008767506e-04, 1.4214232518189247e-02,
       1.1890090594935895e-02, 1.8787233841927004e-02,
       1.1740359198200174e-03, 1.2429601609490859e-03,
       2.5982777398918922e-04, 1.2676775040025843e-02,
       1.0360231652587357e-02, 1.6969425986510925e-02,
       1.4392569623768294e-03, 1.4012931569666411e-03,
       2.7296260988687290e-04, 1.8409383120566548e-02,
       1.5203725729109788e-02, 2.2186203150900630e-02,
       1.3244417752145050e-03, 1.4017579176398237e-03,
       3.2136441596585750e-04, 1.4794945975766452e-02,
       1.2232393683820642e-02, 1.9637832624158021e-02,
       1.6155068014330118e-03, 1.4746268904873921e-03,
       2.7142911146105198e-04, 1.9118683108955609e-02,
       1.5814036680463842e-02, 2.2614690976051652e-02,
       1.2336919002309508e-03, 1.3159869615622631e-03,
       4.0300800898435168e-04, 1.6334563406584086e-02,
       1.3563855669040534e-02, 2.1516682773350376e-02,
       2.4034985449211746e-03, 2.1597414528176299e-03,
       3.4527588159456263e-04, 2.3703774223777022e-02,
       1.9287145709362127e-02, 3.1314939087835336e-02,
       3.3477622926091116e-03, 2.9635868586516570e-03,
       3.5929601262245939e-04, 2.8891459875944419e-02,
       2.3278587396832539e-02, 4.0025616534096441e-02,
       3.0632311771927223e-03, 2.6588551119212708e-03,
       5.2225364897920054e-04, 3.2444479086817260e-02,
       2.5989104861133264e-02, 3.6902205584331466e-02,
       2.0772789744105216e-03, 2.1756095540865629e-03,
       4.3516079403350174e-04, 2.8124547303287527e-02,
       2.2358449988936546e-02, 3.7336076526883574e-02,
       2.1348713267641847e-03, 1.9990258510987637e-03,
       5.7580626941139293e-04, 3.2123951769436165e-02,
       2.5126731918050132e-02, 3.7232753418540245e-02,
       1.6983071853072030e-03, 1.7426793935119678e-03,
       5.3528796105882363e-04, 2.9679296602782929e-02,
       2.3399581970122763e-02, 3.5232431660246491e-02,
       1.9844718489024343e-03, 1.9858337819351228e-03,
       4.3811197121507216e-04, 2.5083904370883640e-02,
       2.0886107664275816e-02, 3.6693577985184661e-02,
       2.5713208760261416e-03, 2.2610480562548947e-03,
       5.9113146990548242e-04, 2.3284273093240784e-02,
       2.0021755169191611e-02, 3.3807618493641729e-02,
       1.3018273395152007e-03, 1.4054226561094330e-03,
       4.6460294193534753e-04, 2.5904546571879090e-02,
       2.1686850441096573e-02, 3.5930432189041218e-02,
       2.0087260996371260e-03, 2.1583851670928544e-03,
       5.2876765170017763e-04, 2.4832954223441683e-02,
       2.0691969842285940e-02, 3.6057349583063392e-02,
       1.4407687753653180e-03, 1.6770344903928173e-03,
       5.3130145631925189e-04, 2.7379071276031293e-02,
       2.2656428269338336e-02, 3.6875073515477731e-02,
       2.7242497623413031e-03, 2.6659772671538372e-03,
       6.6255198791584011e-04, 2.9133190901705502e-02,
       2.4195600620624706e-02, 4.0468835547586957e-02,
       1.9048579784555206e-03, 1.8992935178060171e-03,
       5.1773040110674145e-04, 3.2744351786077652e-02,
       2.6836861104973655e-02, 4.2034601981831288e-02,
       1.5809173068735097e-03, 1.9147659348157636e-03,
       6.2466037771613428e-04, 2.7696393655802832e-02,
       2.2815868964800669e-02, 4.1975588018585065e-02,
       2.1522519300197032e-03, 2.2855486050183298e-03,
       7.2303295381140440e-04, 2.8358670757054952e-02,
       2.2422121379724623e-02, 4.0574770698412324e-02,
       2.4952405125363876e-03, 2.6079252444246217e-03,
       7.2704187097096245e-04, 2.9328479396599993e-02,
       2.3392349489885902e-02, 4.0689088195483350e-02,
       2.2660581481944511e-03, 2.1857251732846782e-03,
       5.2773738021846773e-04, 3.2039824229677147e-02,
       2.6585240727391456e-02, 4.1861824941856349e-02,
       3.9627549981518491e-03, 3.4133693233063807e-03,
       6.6935005165183047e-04, 3.2237398654706047e-02,
       2.6403148381822304e-02, 4.4537718417495931e-02,
       2.0565840017322239e-03, 2.0075396622305070e-03,
       5.6175011180398899e-04, 3.0311059352469642e-02,
       2.5035872489144319e-02, 4.1587781192568715e-02,
       2.2589742431597202e-03, 2.1638461189865369e-03,
       5.2954825095800938e-04, 3.4856126795168273e-02,
       2.8986735136939480e-02, 4.1139364605462317e-02,
       1.7411337573351345e-03, 1.7889781672723898e-03,
       5.9470834084256045e-04, 3.1462451149741943e-02,
       2.5820734688638821e-02, 4.1769731325217399e-02,
       2.4951140568858152e-03, 2.5947090966348093e-03,
       5.7753486055193331e-04, 3.5867351902388628e-02,
       2.9069021391733195e-02, 5.0233077825275044e-02,
       2.2671682650204803e-03, 2.3294118078094547e-03,
       5.1726145377262221e-04, 3.8067204542860833e-02,
       3.0974177833638601e-02, 5.1400213335032557e-02,
       4.7982160043749137e-03, 4.0561589021391453e-03,
       1.0539449324268231e-03, 3.9292187488532006e-02,
       3.1717117442550791e-02, 4.9377579892035943e-02,
       5.8769087166333526e-03, 4.6958231100950347e-03,
       1.0810393981970400e-03, 3.9931359241217816e-02,
       3.2283365823604949e-02, 4.9860766722513189e-02,
       4.6405421572062733e-03, 4.1190210926451533e-03,
       7.6296191158276776e-04, 3.8190621981894747e-02,
       3.1229812149702895e-02, 5.5178229302687606e-02,
