%YAML:1.0
---
cameraMatrix: !!opencv-matrix
   rows: 3
   cols: 3
   dt: d
   data: [ 8.6210323077406849e+02, 0., 6.3177468504266119e+02, 0.,
       8.6273948328170741e+02, 4.6733979324541144e+02, 0., 0., 1. ]
distCoeffs: !!opencv-matrix
   rows: 1
   cols: 5
   dt: d
   data: [ -3.2003715854999926e-01, 1.7326322324989762e-01,
       6.5206046910783449e-04, 3.4087503850788810e-04,
       -6.0729411313164505e-02 ]
PerViewErrors: !!opencv-matrix
   rows: 31
   cols: 1
   dt: d
   data: [ 3.4141126545796313e-01, 3.3537209604769463e-01,
       3.5197486422862712e-01, 3.5547142654068153e-01,
       3.4917371652708418e-01, 2.0580400472222560e-01,
       2.0033961095270411e-01, 1.9955125225968132e-01,
       1.8935629597444484e-01, 2.2637330791349197e-01,
       2.1153448203392880e-01, 2.3685058582119148e-01,
       2.8563418747634101e-01, 2.6541611952985122e-01,
       2.9995351930199665e-01, 2.7003249226901632e-01,
       3.0853074323385810e-01, 2.8378293397292625e-01,
       2.8411976348024676e-01, 2.7063348237013224e-01,
       2.8540842101055275e-01, 3.3524167905301616e-01,
       3.0762419903271687e-01, 1.3709920735241002e-01,
       1.5013808102985543e-01, 1.4619331929096432e-01,
       1.4829699500286425e-01, 1.3585408539792929e-01,
       1.4821459718457755e-01, 2.0978836690078689e-01,
       1.5218194960178344e-01 ]
STDIntrinsics: !!opencv-matrix
   rows: 18
   cols: 1
   dt: d
   data: [ 2.6454114657925061e+00, 2.6789328875477789e+00,
       1.3212380875921743e+00, 1.0546367910955137e+00,
       2.6175760939827278e-03, 5.4259223012243195e-03,
       1.9242715608432472e-04, 2.7701042696650529e-04,
       4.3621217374699766e-03, 0., 0., 0., 0., 0., 0., 0., 0., 0. ]
STDExtrinsics: !!opencv-matrix
   rows: 186
   cols: 1
   dt: d
   data: [ 1.4443058425549823e-03, 1.4180570338465858e-03,
       2.1027744324763606e-04, 1.8772292825788732e-02,
       1.4883463352795858e-02, 3.8648692162263895e-02,
       1.3645890260345728e-03, 1.3504407237118427e-03,
       1.9357131639553699e-04, 1.8060760045945028e-02,
       1.4359893756198491e-02, 3.7021892723263290e-02,
       1.4128298068381881e-03, 1.4541425006024081e-03,
       2.1184149381009548e-04, 1.8789767292471695e-02,
       1.4948520820263963e-02, 3.8812577466599656e-02,
       1.3005486794828412e-03, 1.3311084322159331e-03,
       2.8859947165013329e-04, 1.7513092383465934e-02,
       1.3615346247969022e-02, 3.3817613231347979e-02,
       1.3948164436271479e-03, 1.3824806154347790e-03,
       2.8272030008506176e-04, 1.8029827745170000e-02,
       1.4289666380597305e-02, 3.6315522698398259e-02,
       3.6655323213313539e-03, 2.8203538754895553e-03,
       3.3012765386649902e-04, 3.3073684768302601e-02,
       2.6377191746865255e-02, 6.8791193564447226e-02,
       3.3532868297506055e-03, 2.8822439664979403e-03,
       4.0640009968416333e-04, 3.4708254959354062e-02,
       2.7589228545275724e-02, 7.0089265768221484e-02,
       4.2910058562228050e-03, 3.2409077270646905e-03,
       3.5117944074384980e-04, 3.4135717620581728e-02,
       2.7255628437240980e-02, 7.1265361223125143e-02,
       1.8390125347965125e-03, 1.9044578197600643e-03,
       4.6734052746379368e-04, 3.4535738357581593e-02,
       2.7477831449266823e-02, 6.7896784921818748e-02,
       2.1297417354425503e-03, 2.1899563527970883e-03,
       4.4906356106902450e-04, 3.5728023391808417e-02,
       2.8586346228727036e-02, 7.5480720736078824e-02,
       4.2678826361069819e-03, 3.2848889053733389e-03,
       4.0564637308629299e-04, 3.4989849805098769e-02,
       2.8025059003604934e-02, 7.3275856549899404e-02,
       2.9522807687347463e-03, 2.3123129489427529e-03,
       3.2075097439142992e-04, 2.8692276733756714e-02,
       2.3021464725721003e-02, 5.9230560462319025e-02,
       1.8503080613043463e-03, 1.8913963609752356e-03,
       3.4917421827805904e-04, 2.5242089268035790e-02,
       1.9814114918891380e-02, 5.1098683463341003e-02,
       1.7240366878672807e-03, 1.8069018786155550e-03,
       3.9132795607277224e-04, 2.5381050706883880e-02,
       2.0138509620695681e-02, 5.1297470464092533e-02,
       1.8761348240581871e-03, 1.6797937431972439e-03,
       2.9436336673057734e-04, 2.3218575876412014e-02,
       1.8281214057156828e-02, 4.7754618602860843e-02,
       1.9361805998390964e-03, 1.7856753298880011e-03,
       3.4954441868205368e-04, 2.3788668758001990e-02,
       1.9116787521598809e-02, 4.9478167037953664e-02,
       2.3961223294338323e-03, 1.8257105138041307e-03,
       3.0593586155168272e-04, 2.3878208244665199e-02,
       1.9341456101023863e-02, 4.8901797036464814e-02,
       2.4861868664983176e-03, 2.6705511525461044e-03,
       5.0889624932719377e-04, 2.6502184725914528e-02,
       2.0804400152752707e-02, 5.2959968060739937e-02,
       1.8936440595161478e-03, 1.8026596696871884e-03,
       3.0581578961533918e-04, 2.3970042841308173e-02,
       1.8957329990646893e-02, 4.8937140767840649e-02,
       2.0498894145366334e-03, 1.9141661059862774e-03,
       3.2870874025640786e-04, 2.4092059930874377e-02,
       1.9014118330596269e-02, 4.9173551366153354e-02,
       2.1582376973828463e-03, 1.7940937214148047e-03,
       2.2827552042418138e-04, 2.3806558516597680e-02,
       1.8952561599857129e-02, 4.9178366683421841e-02,
       1.8846796403541033e-03, 1.6892445339794992e-03,
       2.1780196045942315e-04, 2.2332248791003487e-02,
       1.7958966661591719e-02, 4.6935573661201900e-02,
       1.8995966116545308e-03, 1.5894923854967713e-03,
       2.0880480363144558e-04, 2.1855496896500192e-02,
       1.7402314917989853e-02, 4.5312606945630697e-02,
       9.4353920978474601e-03, 7.3013387685459605e-03,
       6.9942302386868948e-04, 5.7231977936245702e-02,
       4.5672493194996597e-02, 1.2029485216651944e-01,
       7.2423869294384628e-03, 6.3055366443925684e-03,
       5.6805681707880159e-04, 5.6828700714884543e-02,
       4.5218242658885785e-02, 1.1880279234537987e-01,
       9.4448580501255777e-03, 7.4498326697502847e-03,
       7.1684428450639122e-04, 5.6166486750596330e-02,
       4.5078978085141420e-02, 1.1889722040443938e-01,
       2.3405951927362883e-03, 2.3518774508942348e-03,
       6.8856227847710638e-04, 5.8597073443258145e-02,
       4.6575111165809244e-02, 1.1514709853673548e-01,
       2.1897136674271997e-03, 2.1525625587226174e-03,
       6.2485679802476131e-04, 4.9093535301011543e-02,
       3.9020238932499653e-02, 1.0844907458643276e-01,
       2.1029419238482706e-03, 2.2032534891370244e-03,
       6.9802944731464189e-04, 5.2698260653444809e-02,
       4.2035113480249339e-02, 1.0562494757717164e-01,
       2.5473834812724150e-03, 2.6612367392108293e-03,
       6.1189286423623103e-04, 5.1330219273624578e-02,
       4.1040207509105343e-02, 1.0920028939401438e-01,
       6.3568123093585898e-03, 4.5890549506691879e-03,
       4.5220589973830118e-04, 4.2616560721610547e-02,
       3.4019111804834710e-02, 8.9956684777411131e-02 ]
