%YAML:1.0
---
cameraMatrix: !!opencv-matrix
   rows: 3
   cols: 3
   dt: d
   data: [ 8.6207808689218643e+02, 0., 6.3176414466598328e+02, 0.,
       8.6272391549566441e+02, 4.6738112489567317e+02, 0., 0., 1. ]
distCoeffs: !!opencv-matrix
   rows: 1
   cols: 5
   dt: d
   data: [ -3.1998669211681313e-01, 1.7308633883118676e-01,
       6.4145731873286606e-04, 3.5010579099063564e-04,
       -6.0591545306752773e-02 ]
PerViewErrors: !!opencv-matrix
   rows: 30
   cols: 1
   dt: d
   data: [ 3.4140040032453439e-01, 3.3520452502122078e-01,
       3.5214724410480380e-01, 3.5532973861144257e-01,
       3.4929720570721079e-01, 2.0581795239755868e-01,
       2.0043119309413196e-01, 1.9935702100481548e-01,
       1.8926370534593542e-01, 2.2643804087405975e-01,
       2.1180414414147553e-01, 2.3668031240844331e-01,
       2.8557186011800617e-01, 2.6524396647337101e-01,
       2.9991024971075364e-01, 2.7014603463420911e-01,
       3.0873250962186510e-01, 2.8367119153118914e-01,
       2.8403246218665190e-01, 2.7060955563501582e-01,
       2.8522690309220361e-01, 3.3542691103311822e-01,
       3.0773179582411259e-01, 1.3716175940501873e-01,
       1.5015208717387463e-01, 1.4831579963032712e-01,
       1.3580244233906846e-01, 1.4817049124175524e-01,
       2.0977326037248706e-01, 1.5223247690382438e-01 ]
STDIntrinsics: !!opencv-matrix
   rows: 18
   cols: 1
   dt: d
   data: [ 2.6754633203975264e+00, 2.7092920927538340e+00,
       1.3377265138197854e+00, 1.0676570200839601e+00,
       2.6473866164206136e-03, 5.4890351873529792e-03,
       1.9487447908855303e-04, 2.8070954687967102e-04,
       4.4122815547967438e-03, 0., 0., 0., 0., 0., 0., 0., 0., 0. ]
STDExtrinsics: !!opencv-matrix
   rows: 180
   cols: 1
   dt: d
   data: [ 1.4606690814313358e-03, 1.4349224986067043e-03,
       2.1267508286860901e-04, 1.9006144053322720e-02,
       1.5067282312913691e-02, 3.9087922808052358e-02,
       1.3800719704890091e-03, 1.3665097016205574e-03,
       1.9576096550677588e-04, 1.8286018351926760e-02,
       1.4537019124184368e-02, 3.7442843939543842e-02,
       1.4289412549737691e-03, 1.4715012174877922e-03,
       2.1429253574101003e-04, 1.9023744393119664e-02,
       1.5133038280374338e-02, 3.9254082091450017e-02,
       1.3158987389539172e-03, 1.3473894336767929e-03,
       2.9203707411952197e-04, 1.7731618624175799e-02,
       1.3783292784815266e-02, 3.4202766980327197e-02,
       1.4111926862809562e-03, 1.3990228907521138e-03,
       2.8605941653078298e-04, 1.8255085465232718e-02,
       1.4465934979016278e-02, 3.6727430754816590e-02,
       3.7067168808574960e-03, 2.8526933997618702e-03,
       3.3386632527041265e-04, 3.3485966431030030e-02,
       2.6702552674211948e-02, 6.9573562642301953e-02,
       3.3920990662312058e-03, 2.9158083964217858e-03,
       4.1103856869688702e-04, 3.5141336597610547e-02,
       2.7929347982100453e-02, 7.0885539828506067e-02,
       4.3391301413940033e-03, 3.2776495197726890e-03,
       3.5519650440338414e-04, 3.4561968854772786e-02,
       2.7591096768269603e-02, 7.2076230715749104e-02,
       1.8601143005632921e-03, 1.9269418563980490e-03,
       4.7288672779792864e-04, 3.4966363805689196e-02,
       2.7815208309413079e-02, 6.8670597147760082e-02,
       2.1550792932935022e-03, 2.2156897301187817e-03,
       4.5435312142724917e-04, 3.6173846043796871e-02,
       2.8937672081388671e-02, 7.6338581652257584e-02,
       4.3162234286857094e-03, 3.3225769272591278e-03,
       4.1026381053773503e-04, 3.5426145447769994e-02,
       2.8369893323047065e-02, 7.4110099997942686e-02,
       2.9858565382133379e-03, 2.3387466154222609e-03,
       3.2442140040562720e-04, 2.9050598311152528e-02,
       2.3304388086048480e-02, 5.9905044011461094e-02,
       1.8713419775804635e-03, 1.9133133494840322e-03,
       3.5316349992889134e-04, 2.5555807703635362e-02,
       2.0058561613590351e-02, 5.1678505190692510e-02,
       1.7438697387382918e-03, 1.8279772048789913e-03,
       3.9578177092834443e-04, 2.5697164772178930e-02,
       2.0387209779603926e-02, 5.1879641242623599e-02,
       1.8976025620307266e-03, 1.6995840290271514e-03,
       2.9772486001931479e-04, 2.3507765170265215e-02,
       1.8505702480935061e-02, 4.8298864135750207e-02,
       1.9588775940167311e-03, 1.8072126107653806e-03,
       3.5363838619672735e-04, 2.4085223593129902e-02,
       1.9354630865386298e-02, 5.0042384085616551e-02,
       2.4233490955980290e-03, 1.8468307004097808e-03,
       3.0947131786570388e-04, 2.4176132387952839e-02,
       1.9579046603340727e-02, 4.9459700976958884e-02,
       2.5145940950198368e-03, 2.7013206162201549e-03,
       5.1478668956538346e-04, 2.6830013762364789e-02,
       2.1059372657978498e-02, 5.3564018097286212e-02,
       1.9150850254536702e-03, 1.8235788715732250e-03,
       3.0928079439682880e-04, 2.4268732017269541e-02,
       1.9191381533476850e-02, 4.9491812571180495e-02,
       2.0731232743121937e-03, 1.9363283505000825e-03,
       3.3246626649755499e-04, 2.4392061217804729e-02,
       1.9248891099793747e-02, 4.9730935380462048e-02,
       2.1825310781831710e-03, 1.8150074339872372e-03,
       2.3086066499117313e-04, 2.4103685801013335e-02,
       1.9186080272480983e-02, 4.9738103546843777e-02,
       1.9061683834741758e-03, 1.7093939428406151e-03,
       2.2028215783133207e-04, 2.2610643563834285e-02,
       1.8180560295775205e-02, 4.7471652166981446e-02,
       1.9210810480533420e-03, 1.6080154210650328e-03,
       2.1116052593533104e-04, 2.2128329803375042e-02,
       1.7617063625916644e-02, 4.5830613171372464e-02,
       9.5431483044186721e-03, 7.3847605339414923e-03,
       7.0743459599864665e-04, 5.7945665182028691e-02,
       4.6234741077066370e-02, 1.2166423789591481e-01,
       7.3266062524863888e-03, 6.3790072377790360e-03,
       5.7454282255120666e-04, 5.7537649114348104e-02,
       4.5774990724938208e-02, 1.2015459324583404e-01,
       2.3680523749155234e-03, 2.3801056176158322e-03,
       6.9650303078660027e-04, 5.9329053791855275e-02,
       4.7150455763429626e-02, 1.1645318558576116e-01,
       2.2148199058865605e-03, 2.1776927607009347e-03,
       6.3215352627137402e-04, 4.9706839839665555e-02,
       3.9501543753765862e-02, 1.0967830281790569e-01,
       2.1271368611671527e-03, 2.2290803838009433e-03,
       7.0625729541672489e-04, 5.3356034649814914e-02,
       4.2552324883570469e-02, 1.0682485722769866e-01,
       2.5771784681111938e-03, 2.6922598084907199e-03,
       6.1901234022825979e-04, 5.1970689295420744e-02,
       4.1544568809231013e-02, 1.1044019011300735e-01,
       6.4281336249708927e-03, 4.6410305517725504e-03,
       4.5733988957082642e-04, 4.3148029707448340e-02,
       3.4438303478766030e-02, 9.0979310048962689e-02 ]
