%YAML:1.0
---
cameraMatrix: !!opencv-matrix
   rows: 3
   cols: 3
   dt: d
   data: [ 1.4048762437620990e+03, 0., 7.5777240207696184e+02, 0.,
       1.4062167947043672e+03, 4.8942224341104429e+02, 0., 0., 1. ]
distCoeffs: !!opencv-matrix
   rows: 1
   cols: 5
   dt: d
   data: [ -1.8914801894514496e-01, 2.0286194739823443e-01,
       1.8108610893982869e-03, 2.5048450304893471e-03,
       -1.4672382028781888e-01 ]
PerViewErrors: !!opencv-matrix
   rows: 38
   cols: 1
   dt: d
   data: [ 3.3440534002004751e-01, 3.2754987823890303e-01,
       3.3622134653361613e-01, 3.2038217415239112e-01,
       3.5337916058456409e-01, 3.1798954103211657e-01,
       3.2349348873261918e-01, 2.0727371196299543e-01,
       1.9080768087574249e-01, 1.9780546156254256e-01,
       2.1366782705827933e-01, 2.5164596587319027e-01,
       1.8847020913007970e-01, 2.1174048244246715e-01,
       3.6312232771669695e-01, 4.3546322356618639e-01,
       3.2315901409320164e-01, 1.9965824773244523e-01,
       1.4061148614730723e-01, 1.3385500502884129e-01,
       1.7801612667367020e-01, 1.1379919467168821e-01,
       1.3849372280158390e-01, 1.2095871710039999e-01,
       1.5846191900377862e-01, 1.6416806838271664e-01,
       1.5392619342832831e-01, 1.1971223345373441e-01,
       1.8392268439425322e-01, 1.8727477408901200e-01,
       2.2725932223732392e-01, 2.1281099793518468e-01,
       1.3998001105154465e+00, 1.4102085159116290e-01,
       1.8100185022029575e-01, 1.5277666093667192e-01,
       1.9505142516837604e-01, 1.9285470853825737e-01 ]
STDIntrinsics: !!opencv-matrix
   rows: 18
   cols: 1
   dt: d
   data: [ 2.8145943932377770e+00, 2.7396336577738500e+00,
       2.6745966158442491e+00, 2.1519066465931340e+00,
       5.9276428920880071e-03, 3.8044640634138871e-02,
       3.0820369783084303e-04, 4.3744174063267558e-04,
       8.1270663236579957e-02, 0., 0., 0., 0., 0., 0., 0., 0., 0. ]
STDExtrinsics: !!opencv-matrix
   rows: 228
   cols: 1
   dt: d
   data: [ 1.9924869166040378e-03, 2.3166751933589419e-03,
       4.4465698247497234e-04, 7.8678262880289407e-01,
       6.2546851825762040e-01, 8.0345238953967446e-01,
       1.9974248703657879e-03, 2.4192382418815488e-03,
       4.0113760470161184e-04, 7.4054421370352441e-01,
       5.8094526789843737e-01, 7.6174668327091410e-01,
       2.0768483031881322e-03, 2.4250368029921196e-03,
       3.7964338318147444e-04, 7.4873545793453700e-01,
       5.8822151619751450e-01, 7.6588006426869559e-01,
       2.1819903001548372e-03, 2.4100025256326113e-03,
       3.2084207471179724e-04, 7.4604533384047778e-01,
       5.9568876745926569e-01, 7.6012550885241004e-01,
       2.7904050712968162e-03, 2.5068934295464696e-03,
       2.1885538044538421e-04, 7.4719353572867253e-01,
       6.0230908919222070e-01, 7.8747630188777407e-01,
       1.7678071602425099e-03, 2.2803332391302415e-03,
       4.8040821563551372e-04, 7.2411942403229035e-01,
       5.7921284050215815e-01, 7.5026223310569862e-01,
       2.1587733951264308e-03, 2.4539491695719597e-03,
       3.4714310030535095e-04, 8.0814707729879887e-01,
       6.5523923264911943e-01, 7.9410303956528472e-01,
       8.1885857305258325e-03, 6.9178097288022837e-03,
       1.3681056886856622e-03, 1.6009677880031155e+00,
       1.2735019232147842e+00, 1.8308076592826754e+00,
       2.0379261541473219e-03, 2.3174121393738280e-03,
       7.8188726859892608e-04, 1.3698544611326331e+00,
       1.0923664237020374e+00, 1.4485109733886543e+00,
       2.3515924697697756e-03, 2.7590894501598566e-03,
       6.7402842571800210e-04, 1.3930177381334625e+00,
       1.1144167760295516e+00, 1.5498028547519036e+00,
       2.9083045680348700e-03, 3.1183613217105250e-03,
       6.8809593217391131e-04, 1.5245585927991472e+00,
       1.2361735820036943e+00, 1.5444431698472652e+00,
       3.2513909984885660e-03, 2.8650613037669074e-03,
       7.5825857656794328e-04, 1.3466025919855829e+00,
       1.0863521368802358e+00, 1.6108332863381205e+00,
       2.7419237259872168e-03, 2.9930196439688249e-03,
       6.5613873159711309e-04, 1.7296654343278781e+00,
       1.3767448638822890e+00, 1.8880466700306142e+00,
       2.5566656769517855e-03, 2.9317846228504589e-03,
       6.9368876528380587e-04, 1.6606987598936946e+00,
       1.3282026744542024e+00, 1.9717319158131494e+00,
       1.7130939012513966e-03, 1.9947385849420603e-03,
       3.9201786248963807e-04, 5.9257334872677181e-01,
       4.7361392323444379e-01, 6.3105110615869253e-01,
       1.4974526992378313e-03, 2.0628959758444794e-03,
       5.9633121226068480e-04, 4.4137873224806096e-01,
       3.4910744684853834e-01, 4.8945679948179199e-01,
       2.1818300321506403e-03, 2.1996749082383426e-03,
       4.3109997767979563e-04, 8.4119823419236361e-01,
       6.6493763806937023e-01, 7.6216012568573632e-01,
       8.2089961596549486e-03, 7.7055931855828930e-03,
       1.1822492276033583e-03, 2.1576344184294967e+00,
       1.7203933841269659e+00, 2.2971981916520323e+00,
       2.8495939519443429e-03, 2.9643792347121252e-03,
       9.9751631129325674e-04, 2.5022093470524687e+00,
       2.0088827719936422e+00, 2.7953493368817393e+00,
       4.0084546314350837e-03, 3.8878491858029222e-03,
       1.2627993860238401e-03, 3.1678576538945906e+00,
       2.4646885737546547e+00, 4.1965396175861009e+00,
       2.7319601555447354e-03, 2.8802024287336754e-03,
       6.2681070171999136e-04, 1.5358429064168195e+00,
       1.2338178233700887e+00, 1.6615842701141115e+00,
       1.7426493369130817e-02, 1.6052966041103674e-02,
       1.3363161042025972e-03, 3.0282686428388779e+00,
       2.4465477875700072e+00, 3.5151818625432401e+00,
       3.3609750579467251e-03, 3.2740760723424071e-03,
       1.0714070914970481e-03, 2.8802366828220585e+00,
       2.2818176667043106e+00, 3.7275857720157397e+00,
       3.7244884417953566e-03, 3.8533778270750012e-03,
       1.1031907121581664e-03, 3.0407237977698749e+00,
       2.3592965179797361e+00, 3.4584179519325651e+00,
       2.7593413185235892e-03, 2.7334887734617730e-03,
       8.4416980490334219e-04, 1.9094968936707564e+00,
       1.5388264617881737e+00, 2.3047468200496599e+00,
       2.6315445747289862e-03, 3.0439579893170765e-03,
       7.8861648637603028e-04, 2.0565115193150270e+00,
       1.6210723329910504e+00, 2.1820281866711970e+00,
       2.0993676177020635e-03, 2.3929576682514444e-03,
       8.8670144979461122e-04, 1.8680678706851235e+00,
       1.4955679662646300e+00, 2.2521053197576690e+00,
       3.3902557261143600e-03, 3.5497190621710038e-03,
       1.0146777009542912e-03, 2.8101285769737192e+00,
       2.2248748823918953e+00, 3.1682929677680347e+00,
       3.2416761770165873e-03, 3.3160597887227296e-03,
       7.0542509289661822e-04, 1.8908959734203743e+00,
       1.5163767389219465e+00, 2.2526815930254975e+00,
       1.9088292794819332e-03, 2.3248514975029669e-03,
       7.6042771955930910e-04, 1.5814448042204012e+00,
       1.2586713019669125e+00, 1.5536716285327417e+00,
       1.9780350079302250e-03, 2.1457143251788959e-03,
       8.5568896970128559e-04, 1.2702549159727918e+00,
       1.0365342557524859e+00, 1.5033541183403296e+00,
       2.4885028122582967e-03, 2.3233171363139828e-03,
       8.0202529306325741e-04, 1.4824266093685259e+00,
       1.1716177929374787e+00, 1.7121287868985000e+00,
       2.7754458550338793e-03, 2.6876880189333425e-03,
       1.1925629708258879e-03, 2.7593569408592220e+00,
       2.1863750507845108e+00, 3.5688396588110760e+00,
       3.4032466347713834e-03, 3.4469294858303153e-03,
       1.0984957723301776e-03, 2.8780984164947285e+00,
       2.3079888199583678e+00, 3.4064346262448870e+00,
       5.9327681965879574e-03, 5.7531661738623244e-03,
       8.6492145858350358e-04, 1.9004305705324753e+00,
       1.5140197986726056e+00, 1.9986483537937438e+00,
       2.9470643216499429e-03, 3.1384386180188743e-03,
       7.8653106074000638e-04, 1.9789394056427061e+00,
       1.5938647434028546e+00, 2.4369111623788049e+00,
       1.8698932735744828e-03, 2.2460263376752349e-03,
