%YAML:1.0
---
cameraMatrix: !!opencv-matrix
   rows: 3
   cols: 3
   dt: d
   data: [ 1.4039304196967612e+03, 0., 7.5562177222823470e+02, 0.,
       1.4055408673962693e+03, 4.9228575699823421e+02, 0., 0., 1. ]
distCoeffs: !!opencv-matrix
   rows: 1
   cols: 5
   dt: d
   data: [ -1.9083027104233136e-01, 2.0838003801659519e-01,
       1.3062927890137388e-03, 2.4614813548416966e-03,
       -1.6537251335119882e-01 ]
PerViewErrors: !!opencv-matrix
   rows: 38
   cols: 1
   dt: d
   data: [ 3.4250466797634721e-01, 3.7677663610772172e-01,
       3.6714055802023010e-01, 3.6071700156993536e-01,
       3.7188651088362046e-01, 3.4652144344199648e-01,
       3.5762091761979070e-01, 2.7796440896970043e-01,
       2.1690283097234561e-01, 2.7337525937664875e-01,
       2.4759363015035427e-01, 3.1662631104424016e-01,
       2.2136212420756696e-01, 2.8886886511091731e-01,
       4.7681751108323467e-01, 1.4006379241155227e+00,
       3.4075328861784748e-01, 2.5584677227307417e-01,
       2.1371319506915973e-01, 1.8634668771288126e-01,
       2.4287846730671300e-01, 1.7982570882523211e-01,
       3.5569744580722290e-01, 2.2373714465989614e-01,
       2.6713335547859923e-01, 2.5294312259048507e-01,
       2.3403360847927465e-01, 2.0964803621614309e-01,
       2.4047497301423618e-01, 2.2716025264448306e-01,
       2.6518671475916494e-01, 2.7211596070996608e-01,
       2.3449820036346705e-01, 1.7721570038932719e-01,
       2.1567336920648730e-01, 2.6895193542682028e-01,
       2.3839294393000315e-01, 2.2899986154706162e-01 ]
STDIntrinsics: !!opencv-matrix
   rows: 18
   cols: 1
   dt: d
   data: [ 3.1121641091332992e+00, 3.0293624173161300e+00,
       2.9634771470409058e+00, 2.3830767763713228e+00,
       6.5090697376367010e-03, 4.1339273871116973e-02,
       3.4021164102871951e-04, 4.8370174345649619e-04,
       8.7478917862941666e-02, 0., 0., 0., 0., 0., 0., 0., 0., 0. ]
STDExtrinsics: !!opencv-matrix
   rows: 228
   cols: 1
   dt: d
   data: [ 2.2027576118296434e-03, 2.5589883959911469e-03,
       4.9418436327950126e-04, 4.3390390693433312e-02,
       3.4462652584071052e-02, 4.4261487901312027e-02,
       2.2138473744177127e-03, 2.6801547426695055e-03,
       4.4614549291190710e-04, 4.0833140936419730e-02,
       3.2011709732277550e-02, 4.1951505191180162e-02,
       2.2992098679372932e-03, 2.6850037433713723e-03,
       4.2287558782355211e-04, 4.1296857722200729e-02,
       3.2420159673156743e-02, 4.2181319745154933e-02,
       2.4158772267271916e-03, 2.6702693540644851e-03,
       3.5675060638684847e-04, 4.1135929226070109e-02,
       3.2813927522598298e-02, 4.1812645411334420e-02,
       3.0826423701646767e-03, 2.7715014769117930e-03,
       2.4174064674124826e-04, 4.1201931720261924e-02,
       3.3180055553677125e-02, 4.3339325840888794e-02,
       1.9622694834585280e-03, 2.5300133300883527e-03,
       5.3170589815555540e-04, 3.9923974285867116e-02,
       3.1901508450871460e-02, 4.1285792976216568e-02,
       2.3841008853842326e-03, 2.7194326004848805e-03,
       3.8422076609324673e-04, 4.4563137847407445e-02,
       3.6092510726559800e-02, 4.3703841274655965e-02,
       8.5031535991163393e-03, 7.3677202640256515e-03,
       1.4517756636228335e-03, 8.8314395949461902e-02,
       7.0101877921700820e-02, 1.0002506469244257e-01,
       2.2537112663476187e-03, 2.5611629984261110e-03,
       8.6696358766919857e-04, 7.5530919200787722e-02,
       6.0184482265433076e-02, 7.9781862878847615e-02,
       2.6146033914463311e-03, 3.0661754467345664e-03,
       7.4439291095099267e-04, 7.6794910290177501e-02,
       6.1360791060262869e-02, 8.5236133473015424e-02,
       3.2183341309942235e-03, 3.4611538519941322e-03,
       7.6069575831106491e-04, 8.4032511361193468e-02,
       6.8058264605294225e-02, 8.4972126738270204e-02,
       3.5915929086707439e-03, 3.1725464251667959e-03,
       8.3700637477491222e-04, 7.4066931742788014e-02,
       5.9741746555089834e-02, 8.8545838370891569e-02,
       3.0469412935968162e-03, 3.3244496449257649e-03,
       7.2485144880477946e-04, 9.5421487383057779e-02,
       7.5858061292827975e-02, 1.0405080419377501e-01,
       2.8450487749424594e-03, 3.2612345799920245e-03,
       7.6821754009481671e-04, 9.1646137663048688e-02,
       7.3250398679030326e-02, 1.0868135522507230e-01,
       1.8984726462603024e-03, 2.2152316156347617e-03,
       4.3358341378968424e-04, 3.2689272702545201e-02,
       2.6106405875419018e-02, 3.4763253427457043e-02,
       1.6597847402456125e-03, 2.2870472147281475e-03,
       6.5932946959098941e-04, 2.4361798872859854e-02,
       1.9251666942360107e-02, 2.6974963926041637e-02,
       2.4182340278388185e-03, 2.4397700981908196e-03,
       4.7869661317936256e-04, 4.6360374623805913e-02,
       3.6625594516861606e-02, 4.1991828813903349e-02,
       9.4143222124164205e-03, 8.7839329939898569e-03,
       1.3416034421066059e-03, 1.1898521737232903e-01,
       9.4841723044388745e-02, 1.2668045283238319e-01,
       3.1642963343149616e-03, 3.2942543155188271e-03,
       1.1051314211980427e-03, 1.3805226911110471e-01,
       1.1081786289414651e-01, 1.5416344195635731e-01,
       4.4407422363628747e-03, 4.3051447520648612e-03,
       1.3960268193940301e-03, 1.7462212484728351e-01,
       1.3580500026406703e-01, 2.3108546588085804e-01,
       3.0205863918256310e-03, 3.1905434063306823e-03,
       6.9438987508093210e-04, 8.4652980281884796e-02,
       6.7967642361756259e-02, 9.1435593610270621e-02,
       1.7880383100211263e-02, 1.6676016627091849e-02,
       1.4133581399569531e-03, 1.6694538346510732e-01,
       1.3470271970073022e-01, 1.9277387591372147e-01,
       3.7396423717754920e-03, 3.6366997382932431e-03,
       1.1896171899786420e-03, 1.5898122615753479e-01,
       1.2581803638248024e-01, 2.0540576603076938e-01,
       4.1335303153856792e-03, 4.3005702608171475e-03,
       1.2244114125877913e-03, 1.6748009704156006e-01,
       1.2995918790190972e-01, 1.9039395486307262e-01,
       3.0613857541497017e-03, 3.0354851249787774e-03,
       9.3443273693567970e-04, 1.0534889011467664e-01,
       8.4895430362239274e-02, 1.2704986940423679e-01,
       2.9207368546843213e-03, 3.3792931919073912e-03,
       8.7442879062050744e-04, 1.1343118761490170e-01,
       8.9373980610903528e-02, 1.2029051768510271e-01,
       2.3256824157105822e-03, 2.6521078325732685e-03,
       9.8173257188235172e-04, 1.0307590122231201e-01,
       8.2478862602142572e-02, 1.2410713843922026e-01,
       3.7628118300388970e-03, 3.9378422140654056e-03,
       1.1253890159243791e-03, 1.5494779192813860e-01,
       1.2266920127105020e-01, 1.7459954319565069e-01,
       3.5847129617774262e-03, 3.6678673394710268e-03,
       7.8177145473926903e-04, 1.0421730154640801e-01,
       8.3546794813122938e-02, 1.2401227538105354e-01,
       2.1146949128879127e-03, 2.5766221131526654e-03,
       8.4210618105482219e-04, 8.7206249437525918e-02,
       6.9354654230194684e-02, 8.5599822427545658e-02,
       2.1898435935773001e-03, 2.3844836921194925e-03,
       9.4791684347539081e-04, 7.0024558903803547e-02,
       5.7092625754784354e-02, 8.2776197239677177e-02,
       2.7583194331431559e-03, 2.5707212028089369e-03,
       8.8745152352663604e-04, 8.1786787114492554e-02,
       6.4558882792568009e-02, 9.4367863374062819e-02,
       3.0758845258383972e-03, 2.9812081772083322e-03,
       1.3191066669604153e-03, 1.5214739305557026e-01,
       1.2048607055816500e-01, 1.9659387571433692e-01,
       3.7668328686352483e-03, 3.8171796514255294e-03,
       1.2174122044251662e-03, 1.5867457462957180e-01,
       1.2715387355741997e-01, 1.8750346811644197e-01,
       6.6149154288952169e-03, 6.4084227468713352e-03,
       9.6852232035304746e-04, 1.0477495564467817e-01,
       8.3440753927180880e-02, 1.1010849139046341e-01,
       3.2747433194892412e-03, 3.4829597415546635e-03,
       8.7258151298765690e-04, 1.0915411365688885e-01,
       8.7893385152566408e-02, 1.3433199708367596e-01,
       2.0695106750099092e-03, 2.4874604909000462e-03,
