%YAML:1.0
---
cameraMatrix: !!opencv-matrix
   rows: 3
   cols: 3
   dt: d
   data: [ 1.4046851184678142e+03, 0., 7.5758382565594297e+02, 0.,
       1.4060103856880285e+03, 4.8937920126719871e+02, 0., 0., 1. ]
distCoeffs: !!opencv-matrix
   rows: 1
   cols: 5
   dt: d
   data: [ -1.8846257353414678e-01, 1.9929720824511174e-01,
       1.8212279302440039e-03, 2.4524753388031357e-03,
       -1.4017890636058847e-01 ]
PerViewErrors: !!opencv-matrix
   rows: 38
   cols: 1
   dt: d
   data: [ 3.3408638540185570e-01, 3.2759401322930348e-01,
       3.3630414660990826e-01, 3.2034578692173860e-01,
       3.5367283517381476e-01, 3.1776498148024457e-01,
       3.2318678588280608e-01, 2.0702880714681340e-01,
       1.9082371927274347e-01, 1.9781086899556857e-01,
       2.1373864982436230e-01, 2.5126751762686389e-01,
       1.8845031424754910e-01, 2.1174661710678416e-01,
       3.6351988617874287e-01, 4.3589992481558254e-01,
       3.2357690806465933e-01, 1.9957958400121484e-01,
       1.4059887281383951e-01, 1.3377245776586782e-01,
       1.7805332670079829e-01, 1.1380942635209217e-01,
       1.3843434457213472e-01, 1.2099248714498000e-01,
       1.5844502186791484e-01, 1.6412671701612599e-01,
       1.5395122779017925e-01, 1.1969576545647999e-01,
       1.8394108397209077e-01, 1.8734946091035462e-01,
       2.2695447469269811e-01, 2.1281834925381188e-01,
       2.8367228373529989e+00, 1.4099558496454670e-01,
       1.8098335354373837e-01, 1.5280967719517288e-01,
       1.9507314273895779e-01, 1.9297415462945297e-01 ]
STDIntrinsics: !!opencv-matrix
   rows: 18
   cols: 1
   dt: d
   data: [ 4.4614614372299561e+00, 4.3426597168731300e+00,
       4.2397297996399708e+00, 3.4107741351864069e+00,
       9.3930786984359922e-03, 6.0233510605272877e-02,
       4.8852028212219680e-04, 6.9381564683595185e-04,
       1.2857403866595182e-01, 0., 0., 0., 0., 0., 0., 0., 0., 0. ]
STDExtrinsics: !!opencv-matrix
   rows: 228
   cols: 1
   dt: d
   data: [ 3.1579183550155985e-03, 3.6718037062741012e-03,
       7.0488028071054938e-04, 6.2051784347105510e-02,
       4.9323422790391473e-02, 6.3367910220427523e-02,
       3.1667388557544960e-03, 3.8350559295868523e-03,
       6.3597245672065842e-04, 5.8403509842961339e-02,
       4.5812651531988824e-02, 6.0075127107549774e-02,
       3.2926803992841306e-03, 3.8442554004826639e-03,
       6.0189136293839756e-04, 5.9049640332118250e-02,
       4.6386529895436200e-02, 6.0401526366434512e-02,
       3.4598163015030522e-03, 3.8206162433921421e-03,
       5.0879975179446012e-04, 5.8836941189927390e-02,
       4.6974619171550443e-02, 5.9948223412497982e-02,
       4.4235014434501185e-03, 3.9726393844884715e-03,
       3.4697118538609982e-04, 5.8929193980250108e-02,
       4.7496822648471174e-02, 6.2113004089840142e-02,
       2.8028782363091419e-03, 3.6148911701593634e-03,
       7.6163498175998285e-04, 5.7108034710636565e-02,
       4.5675913823193193e-02, 5.9170347400240367e-02,
       3.4206044652802868e-03, 3.8891318903036096e-03,
       5.5044114847366352e-04, 6.3735110005334147e-02,
       5.1670207351730696e-02, 6.2631689677130897e-02,
       1.2987863186375003e-02, 1.0970186435967528e-02,
       2.1706884004640929e-03, 1.2626067298977253e-01,
       1.0042669492735985e-01, 1.4438200967888951e-01,
       3.2305749169815505e-03, 3.6733423473187220e-03,
       1.2395483115667247e-03, 1.0803707143370633e-01,
       8.6143792620330617e-02, 1.1424353675305925e-01,
       3.7284646179575327e-03, 4.3740031540343170e-03,
       1.0687497830285256e-03, 1.0985948388354386e-01,
       8.7881745800489880e-02, 1.2222753412007756e-01,
       4.6094216463232768e-03, 4.9422555462479111e-03,
       1.0910490690287334e-03, 1.2023481719266342e-01,
       9.7480319624340728e-02, 1.2181178192957776e-01,
       5.1567951607516824e-03, 4.5451334333738852e-03,
       1.2022721126215500e-03, 1.0620505527741783e-01,
       8.5676289386384316e-02, 1.2706747303011570e-01,
       4.3454363250376091e-03, 4.7450339327663746e-03,
       1.0401240088727282e-03, 1.3641376951528331e-01,
       1.0857005197617101e-01, 1.4891363909295943e-01,
       4.0535161273499909e-03, 4.6479983195583368e-03,
       1.0999269556094401e-03, 1.3096689511093182e-01,
       1.0473604664408763e-01, 1.5549640107985502e-01,
       2.7157550346432577e-03, 3.1619393112667688e-03,
       6.2147831368068133e-04, 4.6733516033915699e-02,
       3.7346986616252610e-02, 4.9769754169341256e-02,
       2.3740876080897192e-03, 3.2701264210839285e-03,
       9.4533433975278844e-04, 3.4809454845084208e-02,
       2.7528674623531781e-02, 3.8600915390435496e-02,
       3.4590314511851418e-03, 3.4877497417281208e-03,
       6.8364764328351002e-04, 6.6342712000302520e-02,
       5.2436088410974808e-02, 6.0108747918264017e-02,
       1.3006596709499886e-02, 1.2210105327773368e-02,
       1.8743397986365770e-03, 1.7016391374716439e-01,
       1.3566752369865584e-01, 1.8116869868415861e-01,
       4.5172341324732209e-03, 4.6995688347459107e-03,
       1.5815669307064834e-03, 1.9733857297096363e-01,
       1.5841774416436910e-01, 2.2046278846151504e-01,
       6.3544635933130787e-03, 6.1633404948177734e-03,
       2.0017077170234945e-03, 2.4982508196658340e-01,
       1.9435427406910707e-01, 3.3098932024595196e-01,
       4.3318689769807281e-03, 4.5663741970468812e-03,
       9.9376479479665000e-04, 1.2112551358695887e-01,
       9.7293843148629724e-02, 1.3104125254799176e-01,
       2.7593819041157687e-02, 2.5423610440757548e-02,
       2.1189503320895703e-03, 2.3882540678684158e-01,
       1.9292840578149034e-01, 2.7729080839562265e-01,
       5.3271181444468456e-03, 5.1905777458224802e-03,
       1.6985812714427374e-03, 2.2716073596451153e-01,
       1.7995393547132843e-01, 2.9396116216876900e-01,
       5.8991053674530254e-03, 6.1037598488057135e-03,
       1.7487332594564855e-03, 2.3980677514902121e-01,
       1.8604333668339673e-01, 2.7276858441088914e-01,
       4.3746042428516691e-03, 4.3342606720457371e-03,
       1.3381901740030855e-03, 1.5058506713725592e-01,
       1.2134086869812137e-01, 1.8177210565497601e-01,
       4.1702653976697698e-03, 4.8261342037676904e-03,
       1.2501330240669577e-03, 1.6219063976945866e-01,
       1.2782966163566251e-01, 1.7210177443719901e-01,
       3.3282150037690188e-03, 3.7934889344493502e-03,
       1.4056776347031394e-03, 1.4732301389107544e-01,
       1.1793631370767511e-01, 1.7761032144319225e-01,
       5.3730434742860021e-03, 5.6271155681172219e-03,
       1.6085418178971886e-03, 2.2161746100675467e-01,
       1.7544057682532610e-01, 2.4988612980890781e-01,
       5.1398057981808295e-03, 5.2567381029894437e-03,
       1.1183227463261295e-03, 1.4912526554432107e-01,
       1.1958091769265143e-01, 1.7766239029287417e-01,
       3.0247971451246298e-03, 3.6851012606514515e-03,
       1.2055565805429245e-03, 1.2472121365196283e-01,
       9.9253404491222025e-02, 1.2253905590424027e-01,
       3.1361088238245323e-03, 3.4017892953807027e-03,
       1.3565188368569168e-03, 1.0019023291376142e-01,
       8.1740173971393076e-02, 1.1857789706644553e-01,
       3.9460645256334656e-03, 3.6845855127608626e-03,
       1.2714255654878452e-03, 1.1690982616865794e-01,
       9.2396169445945864e-02, 1.3504388179103677e-01,
       4.4010559733141958e-03, 4.2620858737557801e-03,
       1.8897189297605273e-03, 2.1753773164170875e-01,
       1.7235008642808480e-01, 2.8134312424170216e-01,
       5.3955900092542567e-03, 5.4651366544967986e-03,
       1.7417818881390473e-03, 2.2698176080931917e-01,
       1.8200147581253381e-01, 2.6864235079779364e-01,
       9.3960369670730518e-03, 9.1130033473760669e-03,
       1.3708262685418714e-03, 1.4987978897744708e-01,
       1.1939305035666606e-01, 1.5763047290105897e-01,
       4.6728647829885105e-03, 4.9759198715916770e-03,
       1.2470760955631626e-03, 1.5606749046752375e-01,
       1.2568569793075918e-01, 1.9218113879316934e-01,
       2.9646687902086422e-03, 3.5604608700025861e-03,
